Relatório de Clientes por Grupo

Total de Grupos: 13
Total de Clientes: 9485
Total de Cidades: 128

Cod.Cliente;Cliente;Cod.IBGE
Grupo:;Carreteiros;16 clientes
Cliente 13402;CAR1092;4105508
Cliente 24294;CAR1947;3506508
Cliente 24953;CAR2253;3531407
Cliente 91144;CAR4396;4113700
Cliente 91386;CAR4470;4113700
Cliente 91449;CAR4489;4113700
Cliente 245782;CAR5557;3542404
Cliente 286255;CAR6942;3555000
Cliente 288296;CAR7538;4119905
Cliente 288625;CAR7603;3541406
Cliente 290198;CAR7873;3517802
Cliente 290420;CAR7941;3530300
Cliente 290546;CAR7981;4113700
Cliente 291716;CAR8295;3550308
Cliente 295428;CAR9108;3541406
Cliente 296022;CAR9233;3544608

Grupo:;Materia Prima;22 clientes
Cliente 23781;MAT1746;3501608
Cliente 24290;MAT1945;3506508
Cliente 26220;MAT2515;3550308
Cliente 36016;MAT3099;4115200
Cliente 46951;MAT3482;4123907
Cliente 91163;MAT4403;4113700
Cliente 91360;MAT4463;4113700
Cliente 127113;MAT4641;3517802
Cliente 249950;MAT5699;3541406
Cliente 279649;MAT6043;3541406
Cliente 280242;MAT6064;3509502
Cliente 283675;MAT6321;3541406
Cliente 287066;MAT7302;3517802
Cliente 289536;MAT7731;4125506
Cliente 290733;MAT8022;3509502
Cliente 291205;MAT8144;4104808
Cliente 292977;MAT8574;3516705
Cliente 295759;MAT9162;3524808
Cliente 295770;MAT9167;3515509
Cliente 296066;MAT9244;3544608
Cliente 296136;MAT9263;3541406
Cliente 296526;MAT9381;4113700

Grupo:;Produtores;24 clientes
Cliente 38319;PRO3306;4119905
Cliente 91389;PRO4471;4113700
Cliente 126984;PRO4633;3517802
Cliente 126990;PRO4634;3532603
Cliente 127020;PRO4635;3530300
Cliente 127021;PRO4636;3530300
Cliente 127043;PRO4638;3530300
Cliente 127053;PRO4639;3530300
Cliente 127073;PRO4640;3530300
Cliente 127115;PRO4642;3532603
Cliente 127119;PRO4643;3532603
Cliente 127120;PRO4644;3517802
Cliente 127125;PRO4645;3517802
Cliente 127126;PRO4646;3517802
Cliente 281363;PRO6122;3541406
Cliente 286150;PRO6920;3552205
Cliente 287188;PRO7340;3526902
Cliente 287240;PRO7365;3532603
Cliente 290614;PRO8004;4113700
Cliente 291328;PRO8198;3517802
Cliente 292731;PRO8500;3529005
Cliente 293636;PRO8739;4119905
Cliente 295073;PRO9019;4114807
Cliente 295979;PRO9225;3520509

Grupo:;Fornecedores;24 clientes
Cliente 11528;FOR0919;4109708
Cliente 23446;FOR1584;3528106
Cliente 91152;FOR4398;4113700
Cliente 91278;FOR4444;4113700
Cliente 91292;FOR4451;4113700
Cliente 238116;FOR5268;5004403
Cliente 247725;FOR5633;4113700
Cliente 250486;FOR5735;4113700
Cliente 251414;FOR5791;3550308
Cliente 251928;FOR5817;4104808
Cliente 254950;FOR5857;3532603
Cliente 260749;FOR5929;4113700
Cliente 284173;FOR6361;4105508
Cliente 285792;FOR6854;3502804
Cliente 286243;FOR6940;4115200
Cliente 288500;FOR7579;3541406
Cliente 290027;FOR7824;3513009
Cliente 290691;FOR8014;5008305
Cliente 291206;FOR8145;3501608
Cliente 291411;FOR8214;4106902
Cliente 292814;FOR8522;3550308
Cliente 293322;FOR8659;3541406
Cliente 294461;FOR8954;3550308
Cliente 296646;FOR9419;3544608

Grupo:;Distribuidores;32 clientes
Cliente 107;DIS0001;4118204
Cliente 132;DIS0006;4117503
Cliente 13073;DIS1065;3525706
Cliente 24207;DIS1911;3549805
Cliente 35985;DIS3095;4106902
Cliente 91148;DIS4397;4113700
Cliente 91804;DIS4539;3541406
Cliente 91871;DIS4551;3500105
Cliente 126105;DIS4624;3548708
Cliente 127035;DIS4637;3530300
Cliente 205494;DIS4651;4117503
Cliente 221250;DIS4667;4106902
Cliente 223702;DIS4725;3541406
Cliente 247813;DIS5635;3501608
Cliente 249392;DIS5683;4113700
Cliente 249670;DIS5694;4105508
Cliente 250169;DIS5709;4114807
Cliente 251013;DIS5769;3550308
Cliente 278112;DIS6022;4113700
Cliente 281504;DIS6126;3547809
Cliente 282941;DIS6218;4123907
Cliente 282983;DIS6222;3534708
Cliente 283025;DIS6235;4109708
Cliente 285931;DIS6899;3552205
Cliente 286420;DIS6979;3534708
Cliente 287068;DIS7303;3517802
Cliente 289135;DIS7692;3550308
Cliente 292291;DIS8399;4113700
Cliente 293252;DIS8639;4119905
Cliente 293258;DIS8640;3545803
Cliente 296168;DIS9271;3515509
Cliente 296171;DIS9273;3515509

Grupo:;Hipermercados;50 clientes
Cliente 23860;HIP1785;3550308
Cliente 25035;HIP2279;3548708
Cliente 25038;HIP2280;3550308
Cliente 25040;HIP2282;3541406
Cliente 37036;HIP3301;3538709
Cliente 40389;HIP3312;3537305
Cliente 55912;HIP3921;3550308
Cliente 91121;HIP4386;4113700
Cliente 91128;HIP4391;4113700
Cliente 222838;HIP4684;3548708
Cliente 222840;HIP4685;3548708
Cliente 245960;HIP5564;4113700
Cliente 249953;HIP5700;3541406
Cliente 284056;HIP6346;4126256
Cliente 287202;HIP7345;5208707
Cliente 291233;HIP8154;3550308
Cliente 291234;HIP8155;3550308
Cliente 291235;HIP8156;3550308
Cliente 291236;HIP8157;3548708
Cliente 291237;HIP8158;3518800
Cliente 291238;HIP8159;3552205
Cliente 291239;HIP8160;3543402
Cliente 291240;HIP8161;3547809
Cliente 291241;HIP8162;3550308
Cliente 291242;HIP8163;3550308
Cliente 291243;HIP8164;3550308
Cliente 291244;HIP8165;3550308
Cliente 291245;HIP8166;3550308
Cliente 291246;HIP8167;3552205
Cliente 291247;HIP8168;3552205
Cliente 291248;HIP8169;3541406
Cliente 291249;HIP8170;3549805
Cliente 291251;HIP8171;3509502
Cliente 291252;HIP8172;3552205
Cliente 291253;HIP8173;3548708
Cliente 291255;HIP8175;3552205
Cliente 291256;HIP8176;3547809
Cliente 291257;HIP8177;3523107
Cliente 291258;HIP8178;3530300
Cliente 291259;HIP8179;3550308
Cliente 291260;HIP8180;3550308
Cliente 291261;HIP8181;3550308
Cliente 291263;HIP8182;3506508
Cliente 291266;HIP8183;3551603
Cliente 291267;HIP8184;3541406
Cliente 292709;HIP8494;4117503
Cliente 294120;HIP8858;3549805
Cliente 294121;HIP8859;3523107
Cliente 294922;HIP9003;4113700
Cliente 294947;HIP9007;3541406

Grupo:;Food Services;224 clientes
Cliente 125;FOO0005;3528106
Cliente 140;FOO0007;3517802
Cliente 2040;FOO0026;4112801
Cliente 2227;FOO0061;4103701
Cliente 2269;FOO0068;4113700
Cliente 2312;FOO0079;4121000
Cliente 2734;FOO0120;4102406
Cliente 2758;FOO0124;4107504
Cliente 2818;FOO0134;4105508
Cliente 2869;FOO0138;3510401
Cliente 3142;FOO0155;4102406
Cliente 3339;FOO0172;4113700
Cliente 3459;FOO0193;3541406
Cliente 3655;FOO0218;4118204
Cliente 3752;FOO0222;4127106
Cliente 4063;FOO0255;4123907
Cliente 4131;FOO0261;4101507
Cliente 4305;FOO0277;4124103
Cliente 4518;FOO0299;4118204
Cliente 4695;FOO0309;4110706
Cliente 5475;FOO0373;4105508
Cliente 5601;FOO0385;4107504
Cliente 5638;FOO0387;4124103
Cliente 5769;FOO0400;4102406
Cliente 6257;FOO0458;4113700
Cliente 6374;FOO0463;4115200
Cliente 6403;FOO0464;4105508
Cliente 6534;FOO0475;3532603
Cliente 6783;FOO0490;4106902
Cliente 7102;FOO0513;4106902
Cliente 7401;FOO0534;4102406
Cliente 7516;FOO0552;4103701
Cliente 7651;FOO0565;4115200
Cliente 8066;FOO0595;4118204
Cliente 8097;FOO0600;4107504
Cliente 8225;FOO0622;4119905
Cliente 8439;FOO0645;3506508
Cliente 8469;FOO0649;4104808
Cliente 9359;FOO0709;4110706
Cliente 10123;FOO0785;4102406
Cliente 10158;FOO0789;3553401
Cliente 10326;FOO0807;4103701
Cliente 10379;FOO0813;3541406
Cliente 10584;FOO0831;4117503
Cliente 10817;FOO0859;3505500
Cliente 11295;FOO0903;4127106
Cliente 11306;FOO0904;4103701
Cliente 11986;FOO0972;3538709
Cliente 12335;FOO0999;4117503
Cliente 12353;FOO1002;4124103
Cliente 12608;FOO1022;3538709
Cliente 12711;FOO1032;3557105
Cliente 13078;FOO1067;4115200
Cliente 13337;FOO1082;4102406
Cliente 13792;FOO1135;4113700
Cliente 13807;FOO1136;3506508
Cliente 14257;FOO1170;4122404
Cliente 14318;FOO1176;4103701
Cliente 14414;FOO1180;4100400
Cliente 14495;FOO1184;4118204
Cliente 14610;FOO1195;3538709
Cliente 15762;FOO1261;4124103
Cliente 15854;FOO1266;3557105
Cliente 15991;FOO1273;4112801
Cliente 16050;FOO1276;4101507
Cliente 16380;FOO1305;4110706
Cliente 16393;FOO1306;3511003
Cliente 16806;FOO1328;4123907
Cliente 16834;FOO1333;4101507
Cliente 17263;FOO1363;4119905
Cliente 18556;FOO1426;4123907
Cliente 18702;FOO1437;4109708
Cliente 18821;FOO1444;4102406
Cliente 18910;FOO1452;4105508
Cliente 19194;FOO1464;4105508
Cliente 19514;FOO1474;4110706
Cliente 20094;FOO1505;4105508
Cliente 20347;FOO1518;4102406
Cliente 23442;FOO1582;3503208
Cliente 23481;FOO1608;3538709
Cliente 23748;FOO1731;3505500
Cliente 24032;FOO1828;3510401
Cliente 24039;FOO1831;3519071
Cliente 24111;FOO1864;3525706
Cliente 24120;FOO1867;3534708
Cliente 24436;FOO2015;3542404
Cliente 24511;FOO2055;3531407
Cliente 24581;FOO2082;3526902
Cliente 24697;FOO2146;3538709
Cliente 24803;FOO2182;3555000
Cliente 24918;FOO2227;3164704
Cliente 25179;FOO2306;3541406
Cliente 25497;FOO2403;3506508
Cliente 25586;FOO2412;3538709
Cliente 25852;FOO2445;4103701
Cliente 26023;FOO2480;4105508
Cliente 26093;FOO2486;4105508
Cliente 26365;FOO2552;4118204
Cliente 26438;FOO2574;4117503
Cliente 26471;FOO2604;4113700
Cliente 26472;FOO2605;4114807
Cliente 26478;FOO2611;4105508
Cliente 26479;FOO2612;4102406
Cliente 26500;FOO2619;4106902
Cliente 26559;FOO2653;4120705
Cliente 26562;FOO2654;4120705
Cliente 26573;FOO2659;4123907
Cliente 26635;FOO2679;4108304
Cliente 26719;FOO2727;4123907
Cliente 26767;FOO2755;4111803
Cliente 26816;FOO2766;4118204
Cliente 26817;FOO2767;4105508
Cliente 26851;FOO2772;4105508
Cliente 26852;FOO2773;4117503
Cliente 26901;FOO2795;4100400
Cliente 27110;FOO2810;4107504
Cliente 27120;FOO2816;4116901
Cliente 27130;FOO2818;4118204
Cliente 27146;FOO2823;4117503
Cliente 27170;FOO2828;4111803
Cliente 27200;FOO2839;4123907
Cliente 27227;FOO2850;4127106
Cliente 27260;FOO2860;4124103
Cliente 27296;FOO2868;4115200
Cliente 27348;FOO2886;4125506
Cliente 27473;FOO2926;4122404
Cliente 27499;FOO2931;4121000
Cliente 27525;FOO2940;4114807
Cliente 27790;FOO2956;4123907
Cliente 27813;FOO2964;4115200
Cliente 27841;FOO2978;4115200
Cliente 27842;FOO2979;4107504
Cliente 27922;FOO2985;4109708
Cliente 30546;FOO3017;4108304
Cliente 35962;FOO3087;4122404
Cliente 36169;FOO3128;4100400
Cliente 36769;FOO3249;3542404
Cliente 36817;FOO3264;4110706
Cliente 36906;FOO3291;4111803
Cliente 37954;FOO3303;3506508
Cliente 42040;FOO3323;3508108
Cliente 43116;FOO3361;4121000
Cliente 43199;FOO3367;4127106
Cliente 43903;FOO3391;4127106
Cliente 44290;FOO3402;4109708
Cliente 48064;FOO3517;3541406
Cliente 48559;FOO3541;3509502
Cliente 48868;FOO3551;4126256
Cliente 49717;FOO3585;4125506
Cliente 50542;FOO3611;4103701
Cliente 50575;FOO3613;4119905
Cliente 51321;FOO3663;4123907
Cliente 51809;FOO3681;4127106
Cliente 51926;FOO3690;4107504
Cliente 52150;FOO3719;4126256
Cliente 52369;FOO3732;3205200
Cliente 52419;FOO3737;4107504
Cliente 52499;FOO3739;4104808
Cliente 52860;FOO3759;4101507
Cliente 53505;FOO3777;4107504
Cliente 54022;FOO3801;4119905
Cliente 54379;FOO3848;3534708
Cliente 54521;FOO3882;4126256
Cliente 57119;FOO3981;3522505
Cliente 57439;FOO4000;3550308
Cliente 58934;FOO4072;3549805
Cliente 60611;FOO4153;4103701
Cliente 60687;FOO4161;4103701
Cliente 60689;FOO4163;4106902
Cliente 60760;FOO4171;4108304
Cliente 61106;FOO4194;4111803
Cliente 61874;FOO4233;4104808
Cliente 62079;FOO4244;4126256
Cliente 62100;FOO4247;4113700
Cliente 67334;FOO4304;3304557
Cliente 68112;FOO4306;4202008
Cliente 68799;FOO4307;4205407
Cliente 87003;FOO4366;3510401
Cliente 91369;FOO4465;4113700
Cliente 120011;FOO4576;4112801
Cliente 121188;FOO4578;3510401
Cliente 204662;FOO4650;4118204
Cliente 225032;FOO4771;4112801
Cliente 225144;FOO4775;3518800
Cliente 229117;FOO4896;4117503
Cliente 231380;FOO5014;3549805
Cliente 231484;FOO5023;4126256
Cliente 231819;FOO5031;3524808
Cliente 235106;FOO5134;3555000
Cliente 235446;FOO5151;4106902
Cliente 237151;FOO5212;3534708
Cliente 237152;FOO5213;3532603
Cliente 237811;FOO5252;4104808
Cliente 238038;FOO5265;4111803
Cliente 238234;FOO5272;4114807
Cliente 238567;FOO5292;3551603
Cliente 238674;FOO5294;4106902
Cliente 238855;FOO5301;4105508
Cliente 238908;FOO5305;4108304
Cliente 239075;FOO5316;3550308
Cliente 239500;FOO5331;4102406
Cliente 239598;FOO5337;3529005
Cliente 250539;FOO5738;3127107
Cliente 258709;FOO5861;3509502
Cliente 275361;FOO5989;4106902
Cliente 281088;FOO6114;3534708
Cliente 284258;FOO6386;4113700
Cliente 285421;FOO6694;3526902
Cliente 285422;FOO6695;3539202
Cliente 285423;FOO6696;3526902
Cliente 286505;FOO6999;3550308
Cliente 286572;FOO7044;3550308
Cliente 286612;FOO7072;3550308
Cliente 286903;FOO7227;5008305
Cliente 286906;FOO7228;3550308
Cliente 286909;FOO7231;3550308
Cliente 288488;FOO7573;3541406
Cliente 288489;FOO7574;3541406
Cliente 288941;FOO7660;4117503
Cliente 290013;FOO7820;3541406
Cliente 291330;FOO8199;4104808
Cliente 291417;FOO8216;3520509
Cliente 293358;FOO8666;3541406
Cliente 294122;FOO8860;4113700

Grupo:;Funcionario;259 clientes
Cliente 38892;FUN3309;3529005
Cliente 53277;FUN3768;3530300
Cliente 86884;FUN4347;3520509
Cliente 91012;FUN4381;4116901
Cliente 91115;FUN4383;4113700
Cliente 91116;FUN4384;4113700
Cliente 91118;FUN4385;4113700
Cliente 91122;FUN4387;4113700
Cliente 91124;FUN4388;4113700
Cliente 91126;FUN4389;4113700
Cliente 91127;FUN4390;4113700
Cliente 91131;FUN4392;3541406
Cliente 91139;FUN4393;4113700
Cliente 91143;FUN4395;4113700
Cliente 91155;FUN4399;4105508
Cliente 91160;FUN4401;4113700
Cliente 91162;FUN4402;4108304
Cliente 91166;FUN4404;4113700
Cliente 91169;FUN4405;4113700
Cliente 91173;FUN4406;4113700
Cliente 91175;FUN4407;4113700
Cliente 91186;FUN4409;4113700
Cliente 91193;FUN4410;4108304
Cliente 91196;FUN4411;4113700
Cliente 91197;FUN4412;4113700
Cliente 91198;FUN4413;4113700
Cliente 91199;FUN4414;4113700
Cliente 91200;FUN4415;4113700
Cliente 91204;FUN4417;4113700
Cliente 91206;FUN4418;4113700
Cliente 91208;FUN4419;4113700
Cliente 91210;FUN4420;4113700
Cliente 91211;FUN4421;4113700
Cliente 91213;FUN4422;4113700
Cliente 91214;FUN4423;4113700
Cliente 91219;FUN4424;4113700
Cliente 91221;FUN4425;4113700
Cliente 91226;FUN4426;4113700
Cliente 91227;FUN4427;4113700
Cliente 91228;FUN4428;4113700
Cliente 91230;FUN4429;4113700
Cliente 91231;FUN4430;4113700
Cliente 91234;FUN4432;4113700
Cliente 91238;FUN4433;4113700
Cliente 91240;FUN4434;4113700
Cliente 91243;FUN4435;4113700
Cliente 91251;FUN4436;4113700
Cliente 91252;FUN4437;4113700
Cliente 91254;FUN4438;4113700
Cliente 91261;FUN4439;4113700
Cliente 91262;FUN4440;4113700
Cliente 91267;FUN4441;4113700
Cliente 91271;FUN4442;4113700
Cliente 91275;FUN4443;4113700
Cliente 91279;FUN4445;4113700
Cliente 91280;FUN4446;4113700
Cliente 91282;FUN4447;4113700
Cliente 91284;FUN4448;4113700
Cliente 91288;FUN4449;4113700
Cliente 91289;FUN4450;4113700
Cliente 91295;FUN4452;4113700
Cliente 91296;FUN4453;4113700
Cliente 91303;FUN4455;4113700
Cliente 91310;FUN4456;4113700
Cliente 91311;FUN4457;4113700
Cliente 91322;FUN4458;4113700
Cliente 91326;FUN4459;4113700
Cliente 91328;FUN4460;4108304
Cliente 91344;FUN4461;4108304
Cliente 91350;FUN4462;4113700
Cliente 91366;FUN4464;3541406
Cliente 91374;FUN4466;4113700
Cliente 91375;FUN4467;4113700
Cliente 91376;FUN4468;4113700
Cliente 91385;FUN4469;4105508
Cliente 91390;FUN4472;4108304
Cliente 91396;FUN4473;4113700
Cliente 91397;FUN4474;4113700
Cliente 91410;FUN4475;4113700
Cliente 91411;FUN4476;4113700
Cliente 91413;FUN4477;4113700
Cliente 91425;FUN4478;4113700
Cliente 91426;FUN4479;4113700
Cliente 91430;FUN4480;4113700
Cliente 91431;FUN4481;4113700
Cliente 91433;FUN4482;4113700
Cliente 91434;FUN4483;4108304
Cliente 91435;FUN4484;4113700
Cliente 91436;FUN4485;4113700
Cliente 91438;FUN4486;4105508
Cliente 91441;FUN4487;3529005
Cliente 91444;FUN4488;4123907
Cliente 91451;FUN4490;4113700
Cliente 91452;FUN4491;4113700
Cliente 91462;FUN4492;4113700
Cliente 91466;FUN4493;4113700
Cliente 91501;FUN4494;4113700
Cliente 91505;FUN4495;4113700
Cliente 91508;FUN4496;4113700
Cliente 91601;FUN4497;3500105
Cliente 91606;FUN4498;3500105
Cliente 91610;FUN4499;3541406
Cliente 91611;FUN4500;3500105
Cliente 91612;FUN4501;3501608
Cliente 91614;FUN4502;3541406
Cliente 91615;FUN4503;3539202
Cliente 91617;FUN4504;3541406
Cliente 91620;FUN4505;3541406
Cliente 91622;FUN4506;3501608
Cliente 91625;FUN4507;3541406
Cliente 91631;FUN4508;3541406
Cliente 91639;FUN4509;3520509
Cliente 91644;FUN4510;3529005
Cliente 91651;FUN4512;3541406
Cliente 91652;FUN4513;3541406
Cliente 91660;FUN4514;3541406
Cliente 91661;FUN4515;3501608
Cliente 91663;FUN4516;3541406
Cliente 91666;FUN4517;3541406
Cliente 91668;FUN4518;3501608
Cliente 91696;FUN4519;3541406
Cliente 91698;FUN4520;3541406
Cliente 91700;FUN4521;3501608
Cliente 91719;FUN4522;3541406
Cliente 91729;FUN4524;3520509
Cliente 91736;FUN4525;3541406
Cliente 91744;FUN4526;3541406
Cliente 91746;FUN4527;3541406
Cliente 91751;FUN4528;3541406
Cliente 91753;FUN4529;3501608
Cliente 91760;FUN4530;3541406
Cliente 91761;FUN4531;3529005
Cliente 91763;FUN4532;4108304
Cliente 91768;FUN4533;4123907
Cliente 91770;FUN4534;3541406
Cliente 91777;FUN4535;3542404
Cliente 91780;FUN4536;3541406
Cliente 91784;FUN4537;3541406
Cliente 91797;FUN4538;3501608
Cliente 91808;FUN4540;3541406
Cliente 91815;FUN4541;3541406
Cliente 91817;FUN4542;3529005
Cliente 91818;FUN4543;3501608
Cliente 91836;FUN4544;3541406
Cliente 91840;FUN4545;3541406
Cliente 91848;FUN4546;3541406
Cliente 91850;FUN4547;3541406
Cliente 91851;FUN4548;3501608
Cliente 91853;FUN4549;3542404
Cliente 91861;FUN4550;3541406
Cliente 91872;FUN4552;3501608
Cliente 91873;FUN4553;3541406
Cliente 91874;FUN4554;3501608
Cliente 91880;FUN4555;3501608
Cliente 91881;FUN4556;3501608
Cliente 91885;FUN4557;3541406
Cliente 92189;FUN4558;3541406
Cliente 92922;FUN4559;4113700
Cliente 92925;FUN4560;4113700
Cliente 92929;FUN4561;4113700
Cliente 92936;FUN4562;4113700
Cliente 92938;FUN4563;4113700
Cliente 92941;FUN4564;4113700
Cliente 92966;FUN4565;3501608
Cliente 92967;FUN4566;3541406
Cliente 92970;FUN4567;3501608
Cliente 92972;FUN4568;3541406
Cliente 92979;FUN4569;3541406
Cliente 92991;FUN4570;3541406
Cliente 93010;FUN4571;3541406
Cliente 205502;FUN4652;4117503
Cliente 222805;FUN4683;4113700
Cliente 240137;FUN5359;3541406
Cliente 243402;FUN5470;4113700
Cliente 243405;FUN5471;4113700
Cliente 243406;FUN5472;4113700
Cliente 243411;FUN5473;4113700
Cliente 243415;FUN5474;4113700
Cliente 245962;FUN5565;4113700
Cliente 247000;FUN5606;3542404
Cliente 249387;FUN5682;4113700
Cliente 250034;FUN5702;4113700
Cliente 250035;FUN5703;4113700
Cliente 251507;FUN5793;4113700
Cliente 260586;FUN5920;3541406
Cliente 279616;FUN6040;4113700
Cliente 279713;FUN6045;3523107
Cliente 280881;FUN6110;3541406
Cliente 282992;FUN6227;3501608
Cliente 283010;FUN6228;3541406
Cliente 283011;FUN6229;3541406
Cliente 283014;FUN6231;3501608
Cliente 283018;FUN6232;3541406
Cliente 283525;FUN6315;3541406
Cliente 288477;FUN7564;3541406
Cliente 288478;FUN7565;3541406
Cliente 288479;FUN7566;3541406
Cliente 288480;FUN7567;3541406
Cliente 288481;FUN7568;3541406
Cliente 288483;FUN7569;3541406
Cliente 288484;FUN7570;3541406
Cliente 288485;FUN7571;3541406
Cliente 288487;FUN7572;3541406
Cliente 288490;FUN7575;3541406
Cliente 288492;FUN7576;3541406
Cliente 288494;FUN7577;3541406
Cliente 288502;FUN7581;3541406
Cliente 288587;FUN7592;4113700
Cliente 288589;FUN7593;4113700
Cliente 288595;FUN7594;4113700
Cliente 288598;FUN7595;4113700
Cliente 288602;FUN7596;4113700
Cliente 288603;FUN7597;4113700
Cliente 288607;FUN7598;3541406
Cliente 288608;FUN7599;3541406
Cliente 288622;FUN7602;3541406
Cliente 288634;FUN7604;4113700
Cliente 288635;FUN7605;4113700
Cliente 288639;FUN7607;4113700
Cliente 288641;FUN7608;4113700
Cliente 288642;FUN7609;4113700
Cliente 288645;FUN7610;4113700
Cliente 288648;FUN7611;4108304
Cliente 288951;FUN7662;3541406
Cliente 289265;FUN7706;4119905
Cliente 289710;FUN7760;3501608
Cliente 289725;FUN7762;4113700
Cliente 289726;FUN7763;4113700
Cliente 289730;FUN7764;4118204
Cliente 289754;FUN7767;3501608
Cliente 289758;FUN7768;3541406
Cliente 289759;FUN7769;3541406
Cliente 289817;FUN7783;4113700
Cliente 290410;FUN7938;3541406
Cliente 290411;FUN7939;3541406
Cliente 291015;FUN8088;3541406
Cliente 291071;FUN8102;3501608
Cliente 291167;FUN8126;3541406
Cliente 291172;FUN8128;3541406
Cliente 291177;FUN8132;3541406
Cliente 291220;FUN8148;3501608
Cliente 291337;FUN8200;3541406
Cliente 291354;FUN8202;4113700
Cliente 291357;FUN8204;4113700
Cliente 291641;FUN8283;3541406
Cliente 291901;FUN8335;3541406
Cliente 291913;FUN8339;3541406
Cliente 292190;FUN8384;4113700
Cliente 292376;FUN8424;3541406
Cliente 292770;FUN8514;4113700
Cliente 293864;FUN8806;3501608
Cliente 293865;FUN8807;3541406
Cliente 294473;FUN8956;3515509
Cliente 295150;FUN9041;3510401
Cliente 295229;FUN9064;3541406
Cliente 295307;FUN9076;3541406
Cliente 295827;FUN9182;4113700
Cliente 295994;FUN9228;3528106
Cliente 296542;FUN9386;3541406

Grupo:;Atacarejo;302 clientes
Cliente 145;ATA0010;3550308
Cliente 2046;ATA0027;3505500
Cliente 2049;ATA0028;3547809
Cliente 2053;ATA0029;3543402
Cliente 2054;ATA0030;3506508
Cliente 2056;ATA0031;3550308
Cliente 2058;ATA0032;3549805
Cliente 2059;ATA0033;4106902
Cliente 2060;ATA0034;4106902
Cliente 2064;ATA0035;3505500
Cliente 2067;ATA0036;4106902
Cliente 2068;ATA0037;4106902
Cliente 2069;ATA0038;4106902
Cliente 2079;ATA0039;3552205
Cliente 2081;ATA0040;3522505
Cliente 2082;ATA0041;3549805
Cliente 2084;ATA0042;3516705
Cliente 2085;ATA0043;3538709
Cliente 2097;ATA0044;3509502
Cliente 2098;ATA0045;3509502
Cliente 2099;ATA0046;3501608
Cliente 2100;ATA0047;3530300
Cliente 2101;ATA0048;3503208
Cliente 2102;ATA0049;3526902
Cliente 13698;ATA1127;3550308
Cliente 23553;ATA1632;3550308
Cliente 23554;ATA1633;3509502
Cliente 23555;ATA1634;3550308
Cliente 23558;ATA1635;4119905
Cliente 23559;ATA1636;3550308
Cliente 23562;ATA1637;3550308
Cliente 23563;ATA1638;3548708
Cliente 23564;ATA1639;3543402
Cliente 23565;ATA1640;4106902
Cliente 23566;ATA1641;3550308
Cliente 23567;ATA1642;3550308
Cliente 23568;ATA1643;3551603
Cliente 23569;ATA1644;3550308
Cliente 23570;ATA1645;3547809
Cliente 23571;ATA1646;3557105
Cliente 23572;ATA1647;3505500
Cliente 23573;ATA1648;3509502
Cliente 23574;ATA1649;3550308
Cliente 23575;ATA1650;4113700
Cliente 23576;ATA1651;3549805
Cliente 23578;ATA1652;3550308
Cliente 23579;ATA1653;3548708
Cliente 23580;ATA1654;3549805
Cliente 23581;ATA1655;3548708
Cliente 23582;ATA1656;3518800
Cliente 23583;ATA1657;3550308
Cliente 23585;ATA1658;3525706
Cliente 23587;ATA1659;3534708
Cliente 23593;ATA1660;3550308
Cliente 23594;ATA1661;3550308
Cliente 23598;ATA1662;3538709
Cliente 23599;ATA1663;4106902
Cliente 23600;ATA1664;3522505
Cliente 23601;ATA1665;3549805
Cliente 23602;ATA1666;3554102
Cliente 23606;ATA1667;3513009
Cliente 23608;ATA1668;3530300
Cliente 23610;ATA1669;3520509
Cliente 23611;ATA1670;3518800
Cliente 23612;ATA1671;3556206
Cliente 23613;ATA1672;3554102
Cliente 23614;ATA1673;3509502
Cliente 23634;ATA1674;3550308
Cliente 23635;ATA1675;3523107
Cliente 23637;ATA1676;3552205
Cliente 23639;ATA1677;3548708
Cliente 23640;ATA1678;3547809
Cliente 23641;ATA1679;3508108
Cliente 23642;ATA1680;3545803
Cliente 23643;ATA1681;3552205
Cliente 23645;ATA1682;3550308
Cliente 23646;ATA1683;3550308
Cliente 23651;ATA1684;3543402
Cliente 23660;ATA1685;3548708
Cliente 23663;ATA1686;3547809
Cliente 23664;ATA1687;3550308
Cliente 23665;ATA1688;3550308
Cliente 23667;ATA1689;3550308
Cliente 23668;ATA1690;3550308
Cliente 23669;ATA1691;3518800
Cliente 23671;ATA1692;3548708
Cliente 23672;ATA1693;3550308
Cliente 23673;ATA1694;3550308
Cliente 23674;ATA1695;3543402
Cliente 23676;ATA1696;3541406
Cliente 23680;ATA1697;3509502
Cliente 23816;ATA1758;3548708
Cliente 23817;ATA1759;3550308
Cliente 23818;ATA1760;3518800
Cliente 23820;ATA1761;3550308
Cliente 23821;ATA1762;3550308
Cliente 23822;ATA1763;4119905
Cliente 23825;ATA1764;3509502
Cliente 23826;ATA1765;3550308
Cliente 23827;ATA1766;3543402
Cliente 23828;ATA1767;3549805
Cliente 23829;ATA1768;3557105
Cliente 23830;ATA1769;3506508
Cliente 23831;ATA1770;3549805
Cliente 23832;ATA1771;3541406
Cliente 23836;ATA1772;3550308
Cliente 23837;ATA1773;4103701
Cliente 23840;ATA1774;5002704
Cliente 23844;ATA1775;4106902
Cliente 23846;ATA1776;3550308
Cliente 23847;ATA1777;3547809
Cliente 23848;ATA1778;3509502
Cliente 23849;ATA1779;3534708
Cliente 23851;ATA1780;3538709
Cliente 23852;ATA1781;4108304
Cliente 23854;ATA1782;3502804
Cliente 23855;ATA1783;3541406
Cliente 23856;ATA1784;3516705
Cliente 25039;ATA2281;3509502
Cliente 26295;ATA2519;3550308
Cliente 26296;ATA2520;5002704
Cliente 26297;ATA2521;5002704
Cliente 26298;ATA2522;3549805
Cliente 26299;ATA2523;3550308
Cliente 26300;ATA2524;5003702
Cliente 26301;ATA2525;4115200
Cliente 26304;ATA2526;3541406
Cliente 26305;ATA2527;3550308
Cliente 26306;ATA2528;3547809
Cliente 26307;ATA2529;3509502
Cliente 26308;ATA2530;5002704
Cliente 26309;ATA2531;3526902
Cliente 26310;ATA2532;3550308
Cliente 26311;ATA2533;4113700
Cliente 26312;ATA2534;4115200
Cliente 26313;ATA2535;3510401
Cliente 26314;ATA2536;3548708
Cliente 26316;ATA2537;3550308
Cliente 26317;ATA2538;3518800
Cliente 26321;ATA2539;3518800
Cliente 26322;ATA2540;3552205
Cliente 26325;ATA2541;3550308
Cliente 26327;ATA2542;3513009
Cliente 26328;ATA2543;3550308
Cliente 26342;ATA2544;3538709
Cliente 26343;ATA2545;3548708
Cliente 26345;ATA2546;3549805
Cliente 29684;ATA2992;4205407
Cliente 29685;ATA2993;4209102
Cliente 29687;ATA2994;4106902
Cliente 29697;ATA2995;4106902
Cliente 29701;ATA2996;4106902
Cliente 29711;ATA2997;4106902
Cliente 29713;ATA2998;4115200
Cliente 29717;ATA2999;4106902
Cliente 29719;ATA3000;4106902
Cliente 29720;ATA3001;4106902
Cliente 29737;ATA3002;4119905
Cliente 29757;ATA3003;4119905
Cliente 29761;ATA3004;4108304
Cliente 29763;ATA3005;4113700
Cliente 29765;ATA3006;4106902
Cliente 29767;ATA3007;4106902
Cliente 29769;ATA3008;4209102
Cliente 29776;ATA3009;3538709
Cliente 29779;ATA3010;4202008
Cliente 29791;ATA3011;3513009
Cliente 29792;ATA3012;3552205
Cliente 36580;ATA3230;4113700
Cliente 36692;ATA3237;3554102
Cliente 36693;ATA3238;3529005
Cliente 41978;ATA3319;3543402
Cliente 47182;ATA3494;3518800
Cliente 47183;ATA3495;3534708
Cliente 51945;ATA3692;3550308
Cliente 51947;ATA3693;3550308
Cliente 51948;ATA3694;3550308
Cliente 51949;ATA3695;3550308
Cliente 51950;ATA3696;3550308
Cliente 51951;ATA3697;3550308
Cliente 51952;ATA3698;3518800
Cliente 51953;ATA3699;3518800
Cliente 51954;ATA3700;3550308
Cliente 51955;ATA3701;3543402
Cliente 51956;ATA3702;3547809
Cliente 51957;ATA3703;3552205
Cliente 51958;ATA3704;3548708
Cliente 51959;ATA3705;3525706
Cliente 51960;ATA3706;3513009
Cliente 51961;ATA3707;3550308
Cliente 51962;ATA3708;3550308
Cliente 51963;ATA3709;3550308
Cliente 51964;ATA3710;3526902
Cliente 56187;ATA3931;3548708
Cliente 60576;ATA4151;3543402
Cliente 62792;ATA4262;4106902
Cliente 62815;ATA4263;3515509
Cliente 75703;ATA4339;3509502
Cliente 86241;ATA4345;4113700
Cliente 91201;ATA4416;4113700
Cliente 124551;ATA4597;3501608
Cliente 125557;ATA4615;3530300
Cliente 126146;ATA4626;3523107
Cliente 223184;ATA4696;3529005
Cliente 225037;ATA4772;4115200
Cliente 226354;ATA4818;3550308
Cliente 228228;ATA4867;4128104
Cliente 229885;ATA4920;3550308
Cliente 229887;ATA4921;3550308
Cliente 229889;ATA4922;3543402
Cliente 229891;ATA4923;3510401
Cliente 229893;ATA4924;3550308
Cliente 229894;ATA4925;3550308
Cliente 229897;ATA4926;3550308
Cliente 229899;ATA4927;3541406
Cliente 229901;ATA4928;3509502
Cliente 229903;ATA4929;3550308
Cliente 229904;ATA4930;3548708
Cliente 229905;ATA4931;3550308
Cliente 229907;ATA4932;3552205
Cliente 229915;ATA4933;3550308
Cliente 229923;ATA4934;3541406
Cliente 229924;ATA4935;3506508
Cliente 229927;ATA4936;3543402
Cliente 229930;ATA4937;3550308
Cliente 229931;ATA4938;3541406
Cliente 231111;ATA4993;3541406
Cliente 231374;ATA5013;3529005
Cliente 232800;ATA5047;3543402
Cliente 237192;ATA5215;4119905
Cliente 238863;ATA5303;4104808
Cliente 239439;ATA5325;3545803
Cliente 239441;ATA5326;3538709
Cliente 239497;ATA5329;4106902
Cliente 239778;ATA5347;3530300
Cliente 240051;ATA5356;4119905
Cliente 240210;ATA5363;4113700
Cliente 240579;ATA5371;3524808
Cliente 240986;ATA5386;5002704
Cliente 241722;ATA5409;3509502
Cliente 244627;ATA5520;3519071
Cliente 245283;ATA5538;3506508
Cliente 246941;ATA5604;3529005
Cliente 247864;ATA5639;3554102
Cliente 248772;ATA5655;3503208
Cliente 248875;ATA5660;3511003
Cliente 249237;ATA5674;3543402
Cliente 249287;ATA5677;3541406
Cliente 249400;ATA5684;4113700
Cliente 250487;ATA5736;4113700
Cliente 250874;ATA5758;4204202
Cliente 250876;ATA5759;3550308
Cliente 251184;ATA5775;4115200
Cliente 251674;ATA5802;4113700
Cliente 251854;ATA5811;3504008
Cliente 252209;ATA5828;4127106
Cliente 252325;ATA5849;3523107
Cliente 257594;ATA5860;4208450
Cliente 259451;ATA5866;3552205
Cliente 259466;ATA5867;3543402
Cliente 261031;ATA5944;3552205
Cliente 277579;ATA5999;4109708
Cliente 277581;ATA6000;4113700
Cliente 277651;ATA6002;3516705
Cliente 279200;ATA6037;3547809
Cliente 279614;ATA6039;4113700
Cliente 280110;ATA6058;3552205
Cliente 281077;ATA6113;3550308
Cliente 282309;ATA6175;3500105
Cliente 284053;ATA6345;4113700
Cliente 284237;ATA6373;4104808
Cliente 284238;ATA6374;4108304
Cliente 284373;ATA6411;3550308
Cliente 284374;ATA6412;3522505
Cliente 284375;ATA6413;3545803
Cliente 285560;ATA6750;3520509
Cliente 285766;ATA6840;4113700
Cliente 285915;ATA6895;4125506
Cliente 286128;ATA6919;3554102
Cliente 286343;ATA6953;3503208
Cliente 286766;ATA7163;3550308
Cliente 286767;ATA7164;3552205
Cliente 286769;ATA7166;3549805
Cliente 286770;ATA7167;3550308
Cliente 287432;ATA7402;3508108
Cliente 287470;ATA7414;3515509
Cliente 287553;ATA7422;3550308
Cliente 290053;ATA7833;3541406
Cliente 290252;ATA7890;3504008
Cliente 290847;ATA8053;3552205
Cliente 291449;ATA8227;3505500
Cliente 291577;ATA8261;3509502
Cliente 291949;ATA8347;3524808
Cliente 292734;ATA8502;3524808
Cliente 293275;ATA8648;3541406
Cliente 293412;ATA8672;4119905
Cliente 293660;ATA8748;3547809
Cliente 293982;ATA8835;3518800
Cliente 295541;ATA9126;3541406
Cliente 295543;ATA9128;3529005
Cliente 295548;ATA9129;3530300
Cliente 296009;ATA9230;3520509

Grupo:;Atacados;406 clientes
Cliente 2249;ATA0065;4128104
Cliente 2397;ATA0097;3507605
Cliente 2612;ATA0110;4116901
Cliente 2778;ATA0127;3502804
Cliente 3271;ATA0168;4103701
Cliente 3454;ATA0192;4120705
Cliente 3516;ATA0194;4104808
Cliente 3641;ATA0216;4111803
Cliente 4099;ATA0259;4117503
Cliente 4304;ATA0276;4105508
Cliente 4407;ATA0287;4123907
Cliente 5014;ATA0328;4118204
Cliente 5118;ATA0338;4127106
Cliente 5119;ATA0339;4127106
Cliente 5120;ATA0340;4127106
Cliente 5124;ATA0341;4128104
Cliente 5368;ATA0365;4102406
Cliente 6065;ATA0429;4106902
Cliente 6103;ATA0435;4124103
Cliente 6125;ATA0438;2611606
Cliente 6486;ATA0470;3547809
Cliente 6876;ATA0496;4113700
Cliente 6950;ATA0503;3504008
Cliente 7022;ATA0508;4105508
Cliente 7185;ATA0520;4115200
Cliente 7225;ATA0523;4101507
Cliente 7226;ATA0524;4101507
Cliente 7259;ATA0527;4114807
Cliente 7462;ATA0543;4109708
Cliente 7485;ATA0546;4101507
Cliente 7486;ATA0547;4101507
Cliente 7524;ATA0554;4114807
Cliente 8098;ATA0601;4124103
Cliente 8159;ATA0610;4108304
Cliente 8314;ATA0635;4101507
Cliente 8495;ATA0653;4124103
Cliente 9251;ATA0703;4102406
Cliente 9411;ATA0715;4107504
Cliente 9418;ATA0716;4121000
Cliente 9421;ATA0717;4101507
Cliente 9428;ATA0718;4128104
Cliente 9724;ATA0745;4113700
Cliente 9836;ATA0760;4103701
Cliente 9953;ATA0769;4124103
Cliente 10669;ATA0841;4105508
Cliente 10833;ATA0860;3508108
Cliente 11207;ATA0890;3502804
Cliente 11240;ATA0893;4104808
Cliente 11276;ATA0900;4116901
Cliente 11375;ATA0907;4126256
Cliente 11635;ATA0945;4109708
Cliente 11737;ATA0949;3518800
Cliente 11738;ATA0950;3530300
Cliente 11739;ATA0951;3549805
Cliente 12132;ATA0987;4108304
Cliente 12586;ATA1020;4113700
Cliente 13189;ATA1074;4122404
Cliente 13350;ATA1084;3550308
Cliente 13423;ATA1095;3541406
Cliente 13606;ATA1113;4102406
Cliente 13676;ATA1123;3504008
Cliente 13791;ATA1134;4108304
Cliente 13974;ATA1148;4113700
Cliente 13977;ATA1149;4103701
Cliente 13980;ATA1150;4103701
Cliente 14200;ATA1162;4121000
Cliente 14266;ATA1171;4108304
Cliente 14317;ATA1175;4115200
Cliente 14462;ATA1181;3538709
Cliente 14567;ATA1190;4116901
Cliente 15088;ATA1220;4102406
Cliente 15616;ATA1253;3504008
Cliente 15640;ATA1256;4104808
Cliente 15770;ATA1262;4115200
Cliente 15944;ATA1270;4106902
Cliente 16051;ATA1277;4105508
Cliente 16558;ATA1315;4108304
Cliente 16820;ATA1331;4115200
Cliente 17873;ATA1390;4112801
Cliente 17874;ATA1391;4112801
Cliente 18048;ATA1397;4104808
Cliente 18119;ATA1404;4111803
Cliente 18122;ATA1405;4115200
Cliente 18485;ATA1421;4108304
Cliente 18604;ATA1428;4102406
Cliente 18641;ATA1429;4104808
Cliente 18693;ATA1435;4101507
Cliente 19155;ATA1461;3548708
Cliente 19280;ATA1468;4126256
Cliente 19834;ATA1490;3552205
Cliente 23728;ATA1721;3534708
Cliente 23968;ATA1807;3516705
Cliente 24041;ATA1832;3552205
Cliente 24333;ATA1969;3512407
Cliente 24530;ATA2063;3545803
Cliente 24962;ATA2256;3526902
Cliente 25171;ATA2305;3525706
Cliente 25831;ATA2444;4101507
Cliente 26074;ATA2484;4111803
Cliente 26163;ATA2493;4103701
Cliente 26277;ATA2516;4124103
Cliente 26357;ATA2547;4103701
Cliente 26386;ATA2553;4120705
Cliente 26392;ATA2554;4113700
Cliente 26393;ATA2555;4113700
Cliente 26394;ATA2556;4113700
Cliente 26395;ATA2557;4113700
Cliente 26407;ATA2560;4104808
Cliente 26408;ATA2561;4104808
Cliente 26409;ATA2562;4104808
Cliente 26414;ATA2565;4108304
Cliente 26431;ATA2570;4108304
Cliente 26433;ATA2572;4108304
Cliente 26468;ATA2602;4111803
Cliente 26473;ATA2606;4108304
Cliente 26474;ATA2607;4104808
Cliente 26475;ATA2608;4111803
Cliente 26476;ATA2609;4104808
Cliente 26477;ATA2610;4104808
Cliente 26486;ATA2613;4128104
Cliente 26487;ATA2614;4128104
Cliente 26488;ATA2615;4128104
Cliente 26489;ATA2616;4128104
Cliente 26490;ATA2617;4128104
Cliente 26532;ATA2648;4128104
Cliente 26536;ATA2650;4104808
Cliente 26558;ATA2652;4101507
Cliente 26565;ATA2656;4104808
Cliente 26591;ATA2662;4114807
Cliente 26619;ATA2676;4128104
Cliente 26643;ATA2682;4104808
Cliente 26658;ATA2688;4115200
Cliente 26659;ATA2689;4114807
Cliente 26667;ATA2691;4126256
Cliente 26669;ATA2693;4103701
Cliente 26670;ATA2694;4120705
Cliente 26671;ATA2695;4126256
Cliente 26672;ATA2696;4113700
Cliente 26673;ATA2697;4103701
Cliente 26674;ATA2698;4109708
Cliente 26690;ATA2711;4110706
Cliente 26697;ATA2715;4128104
Cliente 26700;ATA2716;4117503
Cliente 26705;ATA2720;4109708
Cliente 26711;ATA2725;4119905
Cliente 26729;ATA2731;4104808
Cliente 26733;ATA2733;4113700
Cliente 26735;ATA2735;4126256
Cliente 26823;ATA2770;4113700
Cliente 26853;ATA2774;4104808
Cliente 26862;ATA2781;4127106
Cliente 26863;ATA2782;4105508
Cliente 26875;ATA2784;4121000
Cliente 26890;ATA2790;4102406
Cliente 26900;ATA2794;4101507
Cliente 26945;ATA2801;4104808
Cliente 27099;ATA2807;4114807
Cliente 27114;ATA2813;4119905
Cliente 27121;ATA2817;4101507
Cliente 27156;ATA2827;4118204
Cliente 27180;ATA2836;4111803
Cliente 27228;ATA2851;4113700
Cliente 27261;ATA2861;4105508
Cliente 27273;ATA2865;4117503
Cliente 27321;ATA2878;4104808
Cliente 27338;ATA2879;4113700
Cliente 27346;ATA2884;4110706
Cliente 27347;ATA2885;4105508
Cliente 27351;ATA2887;4104808
Cliente 27397;ATA2910;4105508
Cliente 27516;ATA2938;4101507
Cliente 27530;ATA2941;4104808
Cliente 27534;ATA2942;4105508
Cliente 27552;ATA2947;4104808
Cliente 27555;ATA2949;4101507
Cliente 27799;ATA2960;4103701
Cliente 27816;ATA2966;4114807
Cliente 27819;ATA2968;4126256
Cliente 27833;ATA2974;4113700
Cliente 27834;ATA2975;4128104
Cliente 27890;ATA2981;4108304
Cliente 27921;ATA2984;4105508
Cliente 30543;ATA3015;4122404
Cliente 30545;ATA3016;4111803
Cliente 34417;ATA3054;4115200
Cliente 35929;ATA3077;4115200
Cliente 35956;ATA3083;4103701
Cliente 35960;ATA3085;3515509
Cliente 35961;ATA3086;3525706
Cliente 36053;ATA3105;4126256
Cliente 36279;ATA3155;3527108
Cliente 36449;ATA3187;4122404
Cliente 36478;ATA3193;4100400
Cliente 36490;ATA3195;4122404
Cliente 36509;ATA3204;3533403
Cliente 36790;ATA3254;4115200
Cliente 36807;ATA3261;3536109
Cliente 36821;ATA3266;4118204
Cliente 36825;ATA3268;4109708
Cliente 36868;ATA3281;4113700
Cliente 36869;ATA3282;4113700
Cliente 36905;ATA3290;4127106
Cliente 38468;ATA3307;4115200
Cliente 39329;ATA3311;3550308
Cliente 42324;ATA3333;3501608
Cliente 42325;ATA3334;4128104
Cliente 42518;ATA3340;4116901
Cliente 43155;ATA3366;4103701
Cliente 43439;ATA3375;4113700
Cliente 44487;ATA3414;3548708
Cliente 45904;ATA3449;4119905
Cliente 47286;ATA3496;4108304
Cliente 47484;ATA3505;4101507
Cliente 48516;ATA3538;4103701
Cliente 49309;ATA3574;5002704
Cliente 49723;ATA3586;4100400
Cliente 50791;ATA3636;3513009
Cliente 51913;ATA3688;4127106
Cliente 52253;ATA3723;4114807
Cliente 52637;ATA3749;4110706
Cliente 53075;ATA3766;4111803
Cliente 53478;ATA3775;3549805
Cliente 53743;ATA3785;4105508
Cliente 53909;ATA3796;3527108
Cliente 54117;ATA3814;4109708
Cliente 54321;ATA3836;3506508
Cliente 54460;ATA3865;4111803
Cliente 55657;ATA3909;3550308
Cliente 55942;ATA3925;3550308
Cliente 57910;ATA4020;3510401
Cliente 58484;ATA4051;3550308
Cliente 58646;ATA4057;3507605
Cliente 59193;ATA4087;3543402
Cliente 60033;ATA4122;4113700
Cliente 61019;ATA4187;4117503
Cliente 61022;ATA4188;4126256
Cliente 61083;ATA4191;4104808
Cliente 61087;ATA4192;4109708
Cliente 61503;ATA4211;4125506
Cliente 61505;ATA4212;4118204
Cliente 61511;ATA4213;4216602
Cliente 61617;ATA4215;4113700
Cliente 62702;ATA4260;4115200
Cliente 63127;ATA4274;4122404
Cliente 63132;ATA4275;4108304
Cliente 63956;ATA4299;3548708
Cliente 74641;ATA4310;4101507
Cliente 74718;ATA4324;4101507
Cliente 74827;ATA4326;3504008
Cliente 75052;ATA4330;3524808
Cliente 75644;ATA4337;3554102
Cliente 75645;ATA4338;3554102
Cliente 86981;ATA4358;4122404
Cliente 86997;ATA4364;4128104
Cliente 87025;ATA4378;4101507
Cliente 91723;ATA4523;3501608
Cliente 121387;ATA4580;3552205
Cliente 122358;ATA4583;3549805
Cliente 122384;ATA4584;4101507
Cliente 122402;ATA4585;5201108
Cliente 122636;ATA4590;4104808
Cliente 123450;ATA4592;3507605
Cliente 124739;ATA4599;3550308
Cliente 125654;ATA4616;3205200
Cliente 126130;ATA4625;5201108
Cliente 223174;ATA4695;4122404
Cliente 223573;ATA4713;4104808
Cliente 223579;ATA4716;4101507
Cliente 223584;ATA4717;4124103
Cliente 223678;ATA4723;4126256
Cliente 223699;ATA4724;4104808
Cliente 224857;ATA4766;4101507
Cliente 225182;ATA4776;4103701
Cliente 225315;ATA4783;4102406
Cliente 225708;ATA4795;3304557
Cliente 225851;ATA4801;3525706
Cliente 226593;ATA4825;4103701
Cliente 227943;ATA4859;3511003
Cliente 228358;ATA4872;3506508
Cliente 228731;ATA4884;4106902
Cliente 231903;ATA5033;4112801
Cliente 232627;ATA5044;3549805
Cliente 233809;ATA5078;4109708
Cliente 235264;ATA5138;4106902
Cliente 237379;ATA5225;3529005
Cliente 237474;ATA5232;4118204
Cliente 238228;ATA5271;4101507
Cliente 238557;ATA5291;4122404
Cliente 238874;ATA5304;4128104
Cliente 239017;ATA5315;4108304
Cliente 239830;ATA5350;4104808
Cliente 239893;ATA5353;4118204
Cliente 241461;ATA5405;3550308
Cliente 241937;ATA5418;4105508
Cliente 242210;ATA5432;3518800
Cliente 242272;ATA5437;3537305
Cliente 243379;ATA5466;3504008
Cliente 244235;ATA5498;4114807
Cliente 245326;ATA5544;3557105
Cliente 245963;ATA5566;4113700
Cliente 247436;ATA5629;4104808
Cliente 247710;ATA5632;4108304
Cliente 249028;ATA5667;3550308
Cliente 250158;ATA5705;4124103
Cliente 260921;ATA5936;3548708
Cliente 260972;ATA5940;4128104
Cliente 261362;ATA5954;3510401
Cliente 261536;ATA5964;4101507
Cliente 261789;ATA5986;3528106
Cliente 278015;ATA6019;4106902
Cliente 279761;ATA6048;4118204
Cliente 279772;ATA6049;4100400
Cliente 279773;ATA6050;3510401
Cliente 280016;ATA6051;3127107
Cliente 280077;ATA6055;3553401
Cliente 280174;ATA6063;3545803
Cliente 280504;ATA6087;3534708
Cliente 281555;ATA6129;3537305
Cliente 281757;ATA6138;3527108
Cliente 281789;ATA6141;3526902
Cliente 281791;ATA6142;4105508
Cliente 281792;ATA6143;4105508
Cliente 281797;ATA6144;4105508
Cliente 281976;ATA6154;3507605
Cliente 282358;ATA6177;4127106
Cliente 282359;ATA6178;4117503
Cliente 282390;ATA6183;3537305
Cliente 282576;ATA6208;3538709
Cliente 282591;ATA6209;3543402
Cliente 282984;ATA6223;3555000
Cliente 282985;ATA6224;4115200
Cliente 282988;ATA6225;4102406
Cliente 282991;ATA6226;3534708
Cliente 283023;ATA6234;3534708
Cliente 283029;ATA6236;4121000
Cliente 283031;ATA6238;4119905
Cliente 283032;ATA6239;4111803
Cliente 283033;ATA6240;4101507
Cliente 283034;ATA6241;4111803
Cliente 283036;ATA6242;4107504
Cliente 283037;ATA6243;4107504
Cliente 283038;ATA6244;4107504
Cliente 283039;ATA6245;4103701
Cliente 283042;ATA6246;3541406
Cliente 283043;ATA6247;3502804
Cliente 283044;ATA6248;3511003
Cliente 283058;ATA6251;3534708
Cliente 283059;ATA6252;3534708
Cliente 283060;ATA6253;4128104
Cliente 283062;ATA6254;4127106
Cliente 283093;ATA6255;3506508
Cliente 283138;ATA6258;4112801
Cliente 283146;ATA6259;3515509
Cliente 283169;ATA6262;4128104
Cliente 283174;ATA6265;3506508
Cliente 283200;ATA6268;3527108
Cliente 283248;ATA6273;3529005
Cliente 283249;ATA6274;3506508
Cliente 283250;ATA6275;3549805
Cliente 283258;ATA6277;3529005
Cliente 283262;ATA6280;4106902
Cliente 283264;ATA6282;3541406
Cliente 283282;ATA6285;4124103
Cliente 283316;ATA6291;3518800
Cliente 283336;ATA6293;4107504
Cliente 283338;ATA6294;3550308
Cliente 283341;ATA6295;4104808
Cliente 283342;ATA6296;3555000
Cliente 283363;ATA6299;3516705
Cliente 283365;ATA6300;3542404
Cliente 283371;ATA6302;3507605
Cliente 283372;ATA6303;3507605
Cliente 283464;ATA6308;3523107
Cliente 283489;ATA6312;3515509
Cliente 283589;ATA6317;3525706
Cliente 283590;ATA6318;3516705
Cliente 283591;ATA6319;3528106
Cliente 283592;ATA6320;3550308
Cliente 283738;ATA6324;3505500
Cliente 283783;ATA6329;3506508
Cliente 283789;ATA6331;3549805
Cliente 284778;ATA6494;4101507
Cliente 284948;ATA6549;3547809
Cliente 284963;ATA6557;3550308
Cliente 284985;ATA6563;3541406
Cliente 284986;ATA6564;3547809
Cliente 284988;ATA6565;3550308
Cliente 285869;ATA6883;5205109
Cliente 286213;ATA6936;4111803
Cliente 286286;ATA6943;3529005
Cliente 286287;ATA6944;3518800
Cliente 286348;ATA6957;3550308
Cliente 286448;ATA6987;4103701
Cliente 286952;ATA7244;4113700
Cliente 286972;ATA7250;4114807
Cliente 287069;ATA7304;3517802
Cliente 287564;ATA7425;3556206
Cliente 287663;ATA7442;4118204
Cliente 288501;ATA7580;3541406
Cliente 289840;ATA7787;3514403
Cliente 290074;ATA7840;3517802
Cliente 290803;ATA8035;3538709
Cliente 290916;ATA8069;4118204
Cliente 294095;ATA8851;4110706
Cliente 295374;ATA9095;4101507
Cliente 296137;ATA9264;3541406

Grupo:;Redes Regionais;730 clientes
Cliente 141;RED0008;3541406
Cliente 2239;RED0063;3510401
Cliente 2240;RED0064;3530300
Cliente 2264;RED0066;3530300
Cliente 2314;RED0080;3510401
Cliente 2376;RED0092;3538709
Cliente 3075;RED0150;3531407
Cliente 3414;RED0184;3555000
Cliente 3530;RED0197;3549805
Cliente 3531;RED0198;3550308
Cliente 3532;RED0199;3550308
Cliente 3533;RED0200;3509502
Cliente 3534;RED0201;3509502
Cliente 3535;RED0202;3518800
Cliente 3536;RED0203;3518800
Cliente 3537;RED0204;3518800
Cliente 3538;RED0205;3554102
Cliente 3539;RED0206;3510401
Cliente 3540;RED0207;3513009
Cliente 3541;RED0208;3524808
Cliente 3542;RED0209;3523107
Cliente 3755;RED0223;3548708
Cliente 3763;RED0226;3516705
Cliente 3764;RED0227;3502804
Cliente 3765;RED0228;3537305
Cliente 3767;RED0229;3508108
Cliente 3768;RED0230;3537305
Cliente 3849;RED0238;3551603
Cliente 4199;RED0266;3539202
Cliente 4399;RED0285;3513009
Cliente 5816;RED0409;3522505
Cliente 6714;RED0486;3550308
Cliente 6733;RED0487;3550308
Cliente 6858;RED0493;3556206
Cliente 6859;RED0494;3556206
Cliente 6914;RED0499;3556206
Cliente 7481;RED0544;3525706
Cliente 7796;RED0571;3550308
Cliente 7798;RED0572;3205200
Cliente 7832;RED0573;3530300
Cliente 7936;RED0581;3550308
Cliente 7937;RED0582;3550308
Cliente 7940;RED0583;3550308
Cliente 7941;RED0584;3550308
Cliente 7953;RED0586;3518800
Cliente 7997;RED0589;3550308
Cliente 7998;RED0590;3529005
Cliente 7999;RED0591;3552205
Cliente 8089;RED0597;4115200
Cliente 8163;RED0611;3555000
Cliente 8246;RED0624;3538709
Cliente 8247;RED0625;3554102
Cliente 8270;RED0626;3547809
Cliente 8622;RED0663;3552205
Cliente 8905;RED0676;3549805
Cliente 8906;RED0677;3549805
Cliente 9124;RED0690;3550308
Cliente 9507;RED0724;3549805
Cliente 9565;RED0730;4108304
Cliente 9663;RED0742;3555000
Cliente 10031;RED0775;3549805
Cliente 10093;RED0779;3524808
Cliente 10109;RED0782;3530300
Cliente 10278;RED0802;4115200
Cliente 10690;RED0845;3550308
Cliente 11515;RED0918;3506508
Cliente 11552;RED0921;3527108
Cliente 11553;RED0922;3527108
Cliente 11554;RED0923;3504008
Cliente 11555;RED0924;3506508
Cliente 11556;RED0925;3502804
Cliente 11586;RED0926;3543402
Cliente 11615;RED0934;3550308
Cliente 11616;RED0935;3550308
Cliente 11617;RED0936;3550308
Cliente 11618;RED0937;3534708
Cliente 11619;RED0938;3550308
Cliente 11620;RED0939;3547809
Cliente 11621;RED0940;3525706
Cliente 11622;RED0941;3518800
Cliente 11623;RED0942;3550308
Cliente 11624;RED0943;3550308
Cliente 12914;RED1051;3550308
Cliente 12958;RED1056;3513009
Cliente 13018;RED1062;3537305
Cliente 13177;RED1073;3205200
Cliente 13392;RED1087;3541406
Cliente 13631;RED1117;3527108
Cliente 13632;RED1118;3527108
Cliente 13674;RED1121;3501608
Cliente 13675;RED1122;3509502
Cliente 13677;RED1124;3547809
Cliente 13678;RED1125;3509502
Cliente 13709;RED1128;3509502
Cliente 13937;RED1143;3518800
Cliente 14247;RED1166;3550308
Cliente 14251;RED1168;3554102
Cliente 14279;RED1172;3509502
Cliente 14582;RED1192;3550308
Cliente 14907;RED1212;3518800
Cliente 15222;RED1226;3550308
Cliente 15223;RED1227;3550308
Cliente 15419;RED1244;4115200
Cliente 15431;RED1245;3550308
Cliente 15705;RED1258;3534708
Cliente 16213;RED1290;3530300
Cliente 17207;RED1359;3550308
Cliente 17661;RED1377;3539202
Cliente 18208;RED1409;3550308
Cliente 18218;RED1410;3510401
Cliente 18397;RED1417;3550308
Cliente 18838;RED1448;3513009
Cliente 19173;RED1463;3518800
Cliente 19263;RED1466;3552205
Cliente 19724;RED1487;3518800
Cliente 21629;RED1529;3205200
Cliente 22557;RED1532;3304557
Cliente 23378;RED1550;3549805
Cliente 23379;RED1551;3549805
Cliente 23380;RED1552;3549805
Cliente 23381;RED1553;3506508
Cliente 23382;RED1554;3549805
Cliente 23383;RED1555;3549805
Cliente 23385;RED1556;3501608
Cliente 23386;RED1557;3501608
Cliente 23387;RED1558;3501608
Cliente 23388;RED1559;3545803
Cliente 23389;RED1560;3545803
Cliente 23390;RED1561;3501608
Cliente 23391;RED1562;3545803
Cliente 23392;RED1563;3501608
Cliente 23393;RED1564;3538709
Cliente 23394;RED1565;3512407
Cliente 23395;RED1566;3501608
Cliente 23414;RED1574;3550308
Cliente 23452;RED1586;3504008
Cliente 23453;RED1587;3504008
Cliente 23454;RED1588;3504008
Cliente 23455;RED1589;3504008
Cliente 23456;RED1590;3504008
Cliente 23458;RED1591;3528106
Cliente 23459;RED1592;3510401
Cliente 23460;RED1593;3514403
Cliente 23461;RED1594;3535507
Cliente 23462;RED1595;3510401
Cliente 23463;RED1596;3542404
Cliente 23464;RED1597;3534708
Cliente 23465;RED1598;3541406
Cliente 23466;RED1599;3504008
Cliente 23467;RED1600;3527108
Cliente 23468;RED1601;3534708
Cliente 23472;RED1602;3550308
Cliente 23477;RED1607;3550308
Cliente 23534;RED1627;3512407
Cliente 23538;RED1628;3505500
Cliente 23695;RED1706;3539202
Cliente 23703;RED1708;3520509
Cliente 23704;RED1709;3520509
Cliente 23707;RED1711;3518800
Cliente 23708;RED1712;3515509
Cliente 23710;RED1713;3550308
Cliente 23712;RED1714;3518800
Cliente 23713;RED1715;3518800
Cliente 23715;RED1716;3518800
Cliente 23716;RED1717;3518800
Cliente 23719;RED1718;3518800
Cliente 23720;RED1719;3510401
Cliente 23731;RED1722;3556206
Cliente 23738;RED1725;3547809
Cliente 23749;RED1732;3516705
Cliente 23754;RED1735;3520509
Cliente 23755;RED1736;3520509
Cliente 23757;RED1737;3550308
Cliente 23796;RED1754;3550308
Cliente 23956;RED1799;3523107
Cliente 23957;RED1800;3524808
Cliente 23959;RED1801;3506508
Cliente 23960;RED1802;3550308
Cliente 23962;RED1803;3550308
Cliente 23963;RED1804;3515509
Cliente 24081;RED1853;3550308
Cliente 24091;RED1857;3524808
Cliente 24125;RED1868;3525706
Cliente 24126;RED1869;3525706
Cliente 24127;RED1870;3556206
Cliente 24128;RED1871;3525706
Cliente 24129;RED1872;3525706
Cliente 24130;RED1873;3525706
Cliente 24131;RED1874;3556206
Cliente 24132;RED1875;3516705
Cliente 24133;RED1876;3556206
Cliente 24134;RED1877;3524808
Cliente 24135;RED1878;3525706
Cliente 24136;RED1879;3509502
Cliente 24137;RED1880;3525706
Cliente 24139;RED1881;3507605
Cliente 24236;RED1928;3552205
Cliente 24247;RED1933;3531407
Cliente 24292;RED1946;3506508
Cliente 24330;RED1967;3551603
Cliente 24366;RED1989;3508108
Cliente 24367;RED1990;3502804
Cliente 24368;RED1991;3516705
Cliente 24376;RED1994;3537305
Cliente 24377;RED1995;3520509
Cliente 24378;RED1996;5008305
Cliente 24379;RED1997;3524808
Cliente 24380;RED1998;3520509
Cliente 24381;RED1999;3549805
Cliente 24488;RED2039;3541406
Cliente 24596;RED2091;3547809
Cliente 24598;RED2092;3548708
Cliente 24600;RED2093;3554102
Cliente 24601;RED2094;3547809
Cliente 24602;RED2095;3549805
Cliente 24603;RED2096;3543402
Cliente 24605;RED2097;3547809
Cliente 24606;RED2098;3547809
Cliente 24607;RED2099;3547809
Cliente 24608;RED2100;3547809
Cliente 24609;RED2101;3529005
Cliente 24610;RED2102;3549805
Cliente 24611;RED2103;3547809
Cliente 24613;RED2104;3513009
Cliente 24614;RED2105;3548708
Cliente 24615;RED2106;3552205
Cliente 24616;RED2107;3552205
Cliente 24617;RED2108;3538709
Cliente 24618;RED2109;3548708
Cliente 24785;RED2174;3510401
Cliente 24806;RED2183;3537305
Cliente 24811;RED2186;3518800
Cliente 24850;RED2194;3550308
Cliente 24889;RED2208;3541406
Cliente 24891;RED2209;3541406
Cliente 24892;RED2210;3549805
Cliente 24897;RED2212;3523107
Cliente 24898;RED2213;3509502
Cliente 24899;RED2214;3543402
Cliente 24900;RED2215;3523107
Cliente 24901;RED2216;3510401
Cliente 24902;RED2217;3539202
Cliente 24904;RED2218;3526902
Cliente 24905;RED2219;3509502
Cliente 24906;RED2220;3539202
Cliente 24927;RED2229;3526902
Cliente 24928;RED2230;3540804
Cliente 24929;RED2231;3533403
Cliente 24930;RED2232;3501608
Cliente 24931;RED2233;3552205
Cliente 24932;RED2234;3509502
Cliente 24933;RED2235;3536109
Cliente 24934;RED2236;3506508
Cliente 24935;RED2237;3552205
Cliente 24936;RED2238;3503208
Cliente 24937;RED2239;3525706
Cliente 24938;RED2240;3519071
Cliente 24939;RED2241;3509502
Cliente 24940;RED2242;3506508
Cliente 24942;RED2243;3506508
Cliente 24943;RED2244;3545803
Cliente 24944;RED2245;3520509
Cliente 24945;RED2246;3523107
Cliente 24946;RED2247;3545803
Cliente 24947;RED2248;3507605
Cliente 24948;RED2249;3543402
Cliente 24949;RED2250;3523107
Cliente 24950;RED2251;3552205
Cliente 25015;RED2274;3506508
Cliente 25023;RED2277;3549805
Cliente 25032;RED2278;3526902
Cliente 25043;RED2284;3550308
Cliente 25044;RED2285;3550308
Cliente 25278;RED2324;3529005
Cliente 25279;RED2325;3529005
Cliente 25280;RED2326;3506508
Cliente 25434;RED2377;3541406
Cliente 25435;RED2378;3550308
Cliente 25494;RED2402;3550308
Cliente 25588;RED2413;3506508
Cliente 26282;RED2517;4106902
Cliente 26442;RED2576;4106902
Cliente 26443;RED2577;4113700
Cliente 26444;RED2578;4101507
Cliente 26445;RED2579;4106902
Cliente 26446;RED2580;4106902
Cliente 26447;RED2581;4118204
Cliente 26448;RED2582;4113700
Cliente 26449;RED2583;4106902
Cliente 26450;RED2584;4106902
Cliente 26451;RED2585;4106902
Cliente 26452;RED2586;4125506
Cliente 26453;RED2587;4101507
Cliente 26454;RED2588;4106902
Cliente 26455;RED2589;4119905
Cliente 26456;RED2590;4119905
Cliente 26457;RED2591;4115200
Cliente 26458;RED2592;4106902
Cliente 26459;RED2593;4106902
Cliente 26460;RED2594;4101507
Cliente 26461;RED2595;4106902
Cliente 26462;RED2596;4118204
Cliente 26463;RED2597;4106902
Cliente 26464;RED2598;4106902
Cliente 26465;RED2599;4104808
Cliente 26466;RED2600;4119905
Cliente 26467;RED2601;4106902
Cliente 26502;RED2620;4115200
Cliente 26503;RED2621;4106902
Cliente 26504;RED2622;4104808
Cliente 26505;RED2623;4108304
Cliente 26506;RED2624;4108304
Cliente 26507;RED2625;4108304
Cliente 26508;RED2626;4104808
Cliente 26509;RED2627;4104808
Cliente 26510;RED2628;4104808
Cliente 26511;RED2629;4113700
Cliente 26512;RED2630;4113700
Cliente 26513;RED2631;4119905
Cliente 26514;RED2632;4104808
Cliente 26515;RED2633;4113700
Cliente 26516;RED2634;3541406
Cliente 26517;RED2635;4113700
Cliente 26518;RED2636;4119905
Cliente 26519;RED2637;4125506
Cliente 26520;RED2638;4108304
Cliente 26521;RED2639;4113700
Cliente 26522;RED2640;4106902
Cliente 26523;RED2641;4103701
Cliente 26524;RED2642;4113700
Cliente 26525;RED2643;4109708
Cliente 26526;RED2644;4115200
Cliente 26527;RED2645;3541406
Cliente 26528;RED2646;4127106
Cliente 26529;RED2647;4106902
Cliente 26636;RED2680;4126256
Cliente 26763;RED2754;4115200
Cliente 26800;RED2763;4107504
Cliente 26803;RED2764;4115200
Cliente 26951;RED2805;4114807
Cliente 27248;RED2855;4116901
Cliente 27300;RED2870;4117503
Cliente 27461;RED2923;4114807
Cliente 27541;RED2946;4126256
Cliente 27718;RED2951;4106902
Cliente 28012;RED2991;4123907
Cliente 35951;RED3081;3551603
Cliente 36063;RED3107;4108304
Cliente 36114;RED3118;3541406
Cliente 36400;RED3177;3509502
Cliente 36413;RED3178;3550308
Cliente 36499;RED3200;3554102
Cliente 36510;RED3205;3547809
Cliente 36563;RED3222;3538709
Cliente 36683;RED3234;3525706
Cliente 36684;RED3235;3550308
Cliente 36712;RED3239;3525706
Cliente 36713;RED3240;3525706
Cliente 36719;RED3241;3543402
Cliente 36768;RED3248;3529005
Cliente 36781;RED3252;3506508
Cliente 36823;RED3267;4106902
Cliente 36826;RED3269;4108304
Cliente 36827;RED3270;4113700
Cliente 36918;RED3292;4106902
Cliente 40599;RED3313;3541406
Cliente 45076;RED3426;4127106
Cliente 49239;RED3572;4107504
Cliente 49786;RED3588;3523107
Cliente 50637;RED3617;3506508
Cliente 50659;RED3620;3527108
Cliente 50704;RED3623;3541406
Cliente 50705;RED3624;3548708
Cliente 50710;RED3626;3522505
Cliente 50711;RED3627;3522505
Cliente 50712;RED3628;3522505
Cliente 50713;RED3629;3522505
Cliente 50714;RED3630;3522505
Cliente 51228;RED3660;3550308
Cliente 51229;RED3661;3547809
Cliente 53360;RED3773;3550308
Cliente 54028;RED3802;3548708
Cliente 54101;RED3807;3511003
Cliente 54102;RED3808;3511003
Cliente 54104;RED3809;3553401
Cliente 54106;RED3810;3522505
Cliente 54107;RED3811;3519071
Cliente 54113;RED3812;3503208
Cliente 54201;RED3819;3552205
Cliente 54276;RED3830;3525706
Cliente 55567;RED3899;3549805
Cliente 55574;RED3900;3552205
Cliente 55955;RED3926;3518800
Cliente 56784;RED3960;3525706
Cliente 56785;RED3961;3508108
Cliente 56789;RED3962;3525706
Cliente 56790;RED3963;3525706
Cliente 56791;RED3964;3525706
Cliente 56792;RED3965;3525706
Cliente 57504;RED4001;3540804
Cliente 57505;RED4002;3540804
Cliente 58096;RED4028;3531407
Cliente 58097;RED4029;3531407
Cliente 58434;RED4046;3550308
Cliente 58435;RED4047;3550308
Cliente 58450;RED4049;3526902
Cliente 59367;RED4094;3548708
Cliente 59843;RED4117;3550308
Cliente 60741;RED4167;4107504
Cliente 60781;RED4172;4103701
Cliente 65129;RED4301;3550308
Cliente 74693;RED4313;4106902
Cliente 74695;RED4314;4106902
Cliente 74698;RED4316;4119905
Cliente 74702;RED4318;3530300
Cliente 74704;RED4319;4119905
Cliente 74710;RED4321;4106902
Cliente 74835;RED4327;3506508
Cliente 75070;RED4331;4106902
Cliente 75827;RED4340;4106902
Cliente 86971;RED4355;3550308
Cliente 86976;RED4356;3554102
Cliente 91114;RED4382;4113700
Cliente 91141;RED4394;4113700
Cliente 91158;RED4400;4113700
Cliente 91177;RED4408;4113700
Cliente 91648;RED4511;3541406
Cliente 123540;RED4593;3509502
Cliente 124743;RED4600;3549805
Cliente 124816;RED4602;3550308
Cliente 124890;RED4603;3505500
Cliente 221311;RED4669;3550308
Cliente 221349;RED4670;4106902
Cliente 221529;RED4672;4118204
Cliente 221532;RED4673;4118204
Cliente 221662;RED4675;3519071
Cliente 221698;RED4676;4113700
Cliente 221704;RED4677;4113700
Cliente 221791;RED4679;3506508
Cliente 222483;RED4681;3541406
Cliente 223092;RED4686;3550308
Cliente 223094;RED4687;3550308
Cliente 223097;RED4688;3550308
Cliente 223099;RED4689;3550308
Cliente 223100;RED4690;3550308
Cliente 223103;RED4691;3550308
Cliente 223104;RED4692;3550308
Cliente 223156;RED4693;5008305
Cliente 223240;RED4701;3550308
Cliente 223241;RED4702;3550308
Cliente 223242;RED4703;3513009
Cliente 223244;RED4704;3550308
Cliente 223290;RED4705;3550308
Cliente 223448;RED4712;5008305
Cliente 223605;RED4719;4106902
Cliente 223722;RED4727;3541406
Cliente 224249;RED4751;3550308
Cliente 224252;RED4752;3515509
Cliente 224255;RED4753;3550308
Cliente 224295;RED4755;3550308
Cliente 225060;RED4773;3545803
Cliente 225289;RED4781;3523107
Cliente 225703;RED4794;3509502
Cliente 226586;RED4824;3546405
Cliente 226657;RED4826;3518800
Cliente 226687;RED4827;3515509
Cliente 226692;RED4828;3550308
Cliente 226712;RED4830;3550308
Cliente 226713;RED4831;3550308
Cliente 226714;RED4832;3550308
Cliente 226717;RED4833;3550308
Cliente 226719;RED4834;3550308
Cliente 226747;RED4835;3505500
Cliente 228414;RED4873;3524808
Cliente 229486;RED4905;3533403
Cliente 229618;RED4915;3549805
Cliente 229818;RED4916;3520509
Cliente 229819;RED4917;3520509
Cliente 229820;RED4918;3520509
Cliente 231239;RED5005;3550308
Cliente 231396;RED5016;3502804
Cliente 231404;RED5017;3506508
Cliente 231512;RED5024;4128104
Cliente 231717;RED5028;3520509
Cliente 233005;RED5050;4127106
Cliente 233553;RED5063;3529005
Cliente 233557;RED5065;3549805
Cliente 233753;RED5073;3515509
Cliente 233919;RED5081;4127106
Cliente 234490;RED5103;3550308
Cliente 234500;RED5105;3550308
Cliente 234501;RED5106;3548708
Cliente 234502;RED5107;3513009
Cliente 234503;RED5108;3548708
Cliente 234504;RED5109;3550308
Cliente 234505;RED5110;3550308
Cliente 234740;RED5120;4103701
Cliente 234822;RED5123;3525706
Cliente 235440;RED5150;3543402
Cliente 235944;RED5162;3513009
Cliente 235948;RED5163;3509502
Cliente 235950;RED5164;3550308
Cliente 235953;RED5165;3522505
Cliente 236099;RED5172;4118204
Cliente 236130;RED5173;4101507
Cliente 236410;RED5186;4105508
Cliente 237814;RED5253;3523107
Cliente 237856;RED5257;3510401
Cliente 238067;RED5266;4104808
Cliente 238256;RED5275;4104808
Cliente 238460;RED5286;3205200
Cliente 238939;RED5306;3550308
Cliente 238958;RED5308;3502804
Cliente 239012;RED5314;4106902
Cliente 239341;RED5320;4125506
Cliente 239716;RED5341;4113700
Cliente 239795;RED5348;3516705
Cliente 239870;RED5352;3555000
Cliente 240142;RED5360;3541406
Cliente 240834;RED5382;3552205
Cliente 242073;RED5425;3540804
Cliente 242407;RED5441;3552205
Cliente 242513;RED5444;3557105
Cliente 242636;RED5447;4119905
Cliente 243393;RED5468;3550308
Cliente 243394;RED5469;3529005
Cliente 243874;RED5485;3522505
Cliente 243877;RED5486;3552205
Cliente 244147;RED5492;3523107
Cliente 244370;RED5506;3508108
Cliente 244705;RED5523;3547809
Cliente 244820;RED5526;4118204
Cliente 245285;RED5539;3529005
Cliente 246071;RED5571;3529005
Cliente 247095;RED5611;3510401
Cliente 247118;RED5613;3550308
Cliente 247188;RED5614;4108304
Cliente 247419;RED5628;3550308
Cliente 247816;RED5636;3501608
Cliente 247829;RED5637;4115200
Cliente 248793;RED5658;3550308
Cliente 250347;RED5721;4105508
Cliente 250676;RED5745;3554102
Cliente 251026;RED5770;4115200
Cliente 251183;RED5774;4115200
Cliente 251277;RED5779;3538709
Cliente 251286;RED5780;3530300
Cliente 251290;RED5781;3548708
Cliente 251291;RED5782;3552205
Cliente 251299;RED5783;3550308
Cliente 251369;RED5787;3518800
Cliente 251376;RED5788;4104808
Cliente 251541;RED5794;3547809
Cliente 251603;RED5797;4104808
Cliente 251650;RED5800;3525706
Cliente 251870;RED5815;4115200
Cliente 252040;RED5819;3522505
Cliente 252246;RED5830;3518800
Cliente 252247;RED5831;3518800
Cliente 252248;RED5832;3505500
Cliente 252249;RED5833;3534708
Cliente 252250;RED5834;3518800
Cliente 252251;RED5835;3550308
Cliente 252252;RED5836;3525706
Cliente 252253;RED5837;3534708
Cliente 252254;RED5838;3550308
Cliente 252255;RED5839;3550308
Cliente 252256;RED5840;3554102
Cliente 252258;RED5841;3554102
Cliente 252259;RED5842;3554102
Cliente 252260;RED5843;3554102
Cliente 252261;RED5844;3550308
Cliente 252262;RED5845;3534708
Cliente 252264;RED5846;3513009
Cliente 252339;RED5851;4118204
Cliente 257583;RED5858;3525706
Cliente 257591;RED5859;3550308
Cliente 259607;RED5871;4115200
Cliente 259659;RED5873;3522505
Cliente 259660;RED5874;3525706
Cliente 259662;RED5875;3550308
Cliente 259749;RED5883;4106902
Cliente 260102;RED5894;4106902
Cliente 260413;RED5903;3554102
Cliente 260527;RED5916;3538709
Cliente 260592;RED5921;3538709
Cliente 260772;RED5930;3543402
Cliente 260773;RED5931;3543402
Cliente 261157;RED5947;3502804
Cliente 261379;RED5958;3525706
Cliente 261540;RED5965;3127107
Cliente 261661;RED5970;3506508
Cliente 277465;RED5996;4115200
Cliente 278353;RED6031;3543402
Cliente 280333;RED6069;3523107
Cliente 280385;RED6076;3506508
Cliente 280434;RED6084;3505500
Cliente 280508;RED6088;3552205
Cliente 280528;RED6089;3552205
Cliente 280529;RED6090;3506508
Cliente 280530;RED6091;3506508
Cliente 280558;RED6093;3513009
Cliente 280583;RED6097;3507605
Cliente 280689;RED6101;4117503
Cliente 280737;RED6104;3523107
Cliente 280790;RED6106;3513009
Cliente 281101;RED6115;4119905
Cliente 281745;RED6136;4100400
Cliente 281763;RED6140;3550308
Cliente 282290;RED6171;4119905
Cliente 282298;RED6172;3550308
Cliente 282418;RED6195;4113700
Cliente 283220;RED6271;3552205
Cliente 283326;RED6292;3531407
Cliente 283373;RED6304;3552205
Cliente 283374;RED6305;3552205
Cliente 283459;RED6307;4123907
Cliente 283466;RED6309;3539202
Cliente 283468;RED6310;4104808
Cliente 283528;RED6316;3554102
Cliente 284245;RED6379;4119905
Cliente 284246;RED6380;4106902
Cliente 284343;RED6401;3515509
Cliente 284420;RED6419;3506508
Cliente 284477;RED6443;4102406
Cliente 284478;RED6444;4124103
Cliente 284632;RED6469;3540804
Cliente 284640;RED6471;3527108
Cliente 284641;RED6472;3506508
Cliente 284642;RED6473;3506508
Cliente 284643;RED6474;3527108
Cliente 284644;RED6475;3502804
Cliente 284645;RED6476;3541406
Cliente 284646;RED6477;3527108
Cliente 284647;RED6478;3541406
Cliente 284648;RED6479;3529005
Cliente 284649;RED6480;3504008
Cliente 284650;RED6481;3527108
Cliente 284742;RED6486;4115200
Cliente 284880;RED6522;3550308
Cliente 284949;RED6550;3518800
Cliente 284953;RED6552;3548708
Cliente 284984;RED6562;3550308
Cliente 285184;RED6604;3541406
Cliente 285364;RED6670;3522505
Cliente 285365;RED6671;3534708
Cliente 285366;RED6672;3552205
Cliente 285376;RED6677;3535507
Cliente 285405;RED6688;3551603
Cliente 285408;RED6690;3505500
Cliente 285536;RED6745;4106902
Cliente 285783;RED6851;3549805
Cliente 285888;RED6888;3549805
Cliente 285902;RED6889;3554102
Cliente 285960;RED6902;3554102
Cliente 285976;RED6903;3525706
Cliente 286346;RED6955;3550308
Cliente 286347;RED6956;3504008
Cliente 286568;RED7041;4128104
Cliente 286721;RED7147;4119905
Cliente 287007;RED7273;3501608
Cliente 287272;RED7372;4117503
Cliente 287566;RED7427;3538709
Cliente 287567;RED7428;3543402
Cliente 287568;RED7429;3545803
Cliente 287725;RED7454;4209102
Cliente 287747;RED7460;3503208
Cliente 287748;RED7461;3506508
Cliente 288158;RED7531;4101507
Cliente 288180;RED7533;3552205
Cliente 288193;RED7536;3511003
Cliente 288324;RED7547;3550308
Cliente 288543;RED7588;3537305
Cliente 288693;RED7616;4113700
Cliente 288767;RED7630;3525706
Cliente 288792;RED7636;3550308
Cliente 288793;RED7637;3550308
Cliente 288794;RED7638;3550308
Cliente 288795;RED7639;3513009
Cliente 288796;RED7640;3522505
Cliente 288797;RED7641;3543402
Cliente 288798;RED7642;3534708
Cliente 288805;RED7644;3527108
Cliente 288818;RED7650;3522505
Cliente 289273;RED7707;3550308
Cliente 289274;RED7708;3550308
Cliente 289285;RED7709;3548708
Cliente 289460;RED7721;4113700
Cliente 289484;RED7726;3510401
Cliente 289562;RED7736;3555000
Cliente 289611;RED7742;3543402
Cliente 289612;RED7743;3529005
Cliente 289613;RED7744;3526902
Cliente 289614;RED7745;3506508
Cliente 289615;RED7746;4106902
Cliente 289745;RED7766;3519071
Cliente 289953;RED7800;3525706
Cliente 290011;RED7819;3536109
Cliente 290359;RED7925;4108304
Cliente 290444;RED7950;3530300
Cliente 290642;RED8007;4102406
Cliente 290684;RED8011;3523107
Cliente 290714;RED8016;3550308
Cliente 290737;RED8024;4106902
Cliente 290740;RED8026;4106902
Cliente 290774;RED8031;3510401
Cliente 290826;RED8045;3504008
Cliente 290827;RED8046;3555000
Cliente 291470;RED8233;3506508
Cliente 291505;RED8244;4127106
Cliente 291506;RED8245;4127106
Cliente 291507;RED8246;4128104
Cliente 291508;RED8247;4127106
Cliente 291509;RED8248;4127106
Cliente 291742;RED8303;4125506
Cliente 292176;RED8383;3552205
Cliente 292558;RED8469;3518800
Cliente 292629;RED8480;4122404
Cliente 292732;RED8501;4113700
Cliente 292743;RED8506;3519071
Cliente 293312;RED8656;3552205
Cliente 293619;RED8733;4113700
Cliente 293643;RED8742;4115200
Cliente 293689;RED8761;4106902
Cliente 293961;RED8829;3505500
Cliente 294883;RED8997;4115200
Cliente 295539;RED9125;4106902
Cliente 295551;RED9130;3549805
Cliente 295652;RED9139;3552205
Cliente 295972;RED9223;3532603

Grupo:;Tradicional;3418 clientes
Cliente 109;TRA0002;4113700
Cliente 2007;TRA0017;3506508
Cliente 2012;TRA0018;3504008
Cliente 2022;TRA0022;3541406
Cliente 2025;TRA0023;3539202
Cliente 2125;TRA0051;4125506
Cliente 2160;TRA0054;3304557
Cliente 2162;TRA0055;4106902
Cliente 2173;TRA0057;4104808
Cliente 2229;TRA0062;4117503
Cliente 2276;TRA0070;3516705
Cliente 2286;TRA0072;3555000
Cliente 2316;TRA0081;3534708
Cliente 2320;TRA0083;3549805
Cliente 2329;TRA0085;4115200
Cliente 2342;TRA0088;4104808
Cliente 2365;TRA0090;4106902
Cliente 2378;TRA0093;4123907
Cliente 2521;TRA0101;3541406
Cliente 2526;TRA0102;4127106
Cliente 2572;TRA0107;3504008
Cliente 2582;TRA0108;3501608
Cliente 2591;TRA0109;3520509
Cliente 2647;TRA0111;3518800
Cliente 2652;TRA0112;4102406
Cliente 2653;TRA0113;4120705
Cliente 2654;TRA0114;4102406
Cliente 2659;TRA0115;4114807
Cliente 2715;TRA0117;3520509
Cliente 2740;TRA0121;4107504
Cliente 2760;TRA0125;3506508
Cliente 2798;TRA0132;4100400
Cliente 2821;TRA0136;4113700
Cliente 2857;TRA0137;4105508
Cliente 2898;TRA0139;4124103
Cliente 2944;TRA0140;3541406
Cliente 2955;TRA0141;4120705
Cliente 3005;TRA0143;4111803
Cliente 3020;TRA0145;3550308
Cliente 3040;TRA0146;3515509
Cliente 3094;TRA0152;3514403
Cliente 3164;TRA0158;4103701
Cliente 3178;TRA0160;3547809
Cliente 3228;TRA0162;4100400
Cliente 3260;TRA0165;3531407
Cliente 3303;TRA0170;4109708
Cliente 3360;TRA0174;4104808
Cliente 3393;TRA0179;4102406
Cliente 3406;TRA0182;3516705
Cliente 3412;TRA0183;3506508
Cliente 3421;TRA0185;3528106
Cliente 3447;TRA0189;4106902
Cliente 3448;TRA0190;4101507
Cliente 3521;TRA0195;4106902
Cliente 3622;TRA0211;3509502
Cliente 3649;TRA0217;4106902
Cliente 3760;TRA0225;3505500
Cliente 3946;TRA0244;4118204
Cliente 4033;TRA0251;3548708
Cliente 4144;TRA0262;4128104
Cliente 4172;TRA0264;4110706
Cliente 4192;TRA0265;3106200
Cliente 4221;TRA0268;3538709
Cliente 4230;TRA0271;3540804
Cliente 4237;TRA0272;4105508
Cliente 4252;TRA0273;3525706
Cliente 4283;TRA0274;4117503
Cliente 4317;TRA0278;3501608
Cliente 4318;TRA0279;4114807
Cliente 4332;TRA0280;3553401
Cliente 4357;TRA0281;4101507
Cliente 4378;TRA0283;3506508
Cliente 4400;TRA0286;3510401
Cliente 4422;TRA0289;3541406
Cliente 4425;TRA0290;4101507
Cliente 4429;TRA0291;3542404
Cliente 4480;TRA0295;3525706
Cliente 4508;TRA0298;3517802
Cliente 4547;TRA0301;3538709
Cliente 4551;TRA0302;3526902
Cliente 4559;TRA0303;3550308
Cliente 4571;TRA0306;3505500
Cliente 4581;TRA0308;3506508
Cliente 4710;TRA0311;3536109
Cliente 4772;TRA0313;3534708
Cliente 4875;TRA0318;3535507
Cliente 4957;TRA0322;3518800
Cliente 4958;TRA0323;3502804
Cliente 4969;TRA0324;3512407
Cliente 4973;TRA0325;3518800
Cliente 5022;TRA0329;4102406
Cliente 5062;TRA0333;3523107
Cliente 5082;TRA0334;3503208
Cliente 5085;TRA0335;3504008
Cliente 5130;TRA0342;3547809
Cliente 5132;TRA0344;3520509
Cliente 5164;TRA0347;3538709
Cliente 5191;TRA0350;3505500
Cliente 5192;TRA0351;3505500
Cliente 5223;TRA0353;3549805
Cliente 5263;TRA0356;3505500
Cliente 5273;TRA0357;4112801
Cliente 5274;TRA0358;5003702
Cliente 5286;TRA0359;4127106
Cliente 5301;TRA0360;4113700
Cliente 5353;TRA0363;4115200
Cliente 5362;TRA0364;4117503
Cliente 5439;TRA0368;3541406
Cliente 5446;TRA0370;3541406
Cliente 5447;TRA0371;3512407
Cliente 5509;TRA0375;3550308
Cliente 5515;TRA0376;3501608
Cliente 5545;TRA0378;3506508
Cliente 5583;TRA0382;3541406
Cliente 5584;TRA0383;3541406
Cliente 5595;TRA0384;3530300
Cliente 5672;TRA0390;4101507
Cliente 5684;TRA0391;4101507
Cliente 5693;TRA0392;3539202
Cliente 5700;TRA0393;4105508
Cliente 5720;TRA0395;4119905
Cliente 5737;TRA0396;4104808
Cliente 5740;TRA0397;4126256
Cliente 5789;TRA0403;3518800
Cliente 5811;TRA0408;3518800
Cliente 5819;TRA0410;4115200
Cliente 5826;TRA0411;4127106
Cliente 5827;TRA0412;4108304
Cliente 5876;TRA0414;3510401
Cliente 5906;TRA0415;3515509
Cliente 5931;TRA0416;3549805
Cliente 5947;TRA0418;3537305
Cliente 5956;TRA0419;3555000
Cliente 5983;TRA0420;3538709
Cliente 5986;TRA0421;3534708
Cliente 6002;TRA0422;3526902
Cliente 6006;TRA0423;4101507
Cliente 6020;TRA0425;4123907
Cliente 6108;TRA0436;4106902
Cliente 6124;TRA0437;3529005
Cliente 6131;TRA0439;3516705
Cliente 6163;TRA0446;3507605
Cliente 6164;TRA0447;3507605
Cliente 6165;TRA0448;3507605
Cliente 6193;TRA0451;3536109
Cliente 6200;TRA0452;3502804
Cliente 6226;TRA0453;4106902
Cliente 6234;TRA0454;3532603
Cliente 6287;TRA0459;3526902
Cliente 6344;TRA0461;3523107
Cliente 6373;TRA0462;3529005
Cliente 6412;TRA0465;3518800
Cliente 6476;TRA0468;3508108
Cliente 6482;TRA0469;3513009
Cliente 6490;TRA0471;4103701
Cliente 6519;TRA0473;4109708
Cliente 6521;TRA0474;3526902
Cliente 6558;TRA0476;3515509
Cliente 6652;TRA0482;3508108
Cliente 6713;TRA0485;3550308
Cliente 6769;TRA0488;3535507
Cliente 6804;TRA0491;3538709
Cliente 6856;TRA0492;3520509
Cliente 6872;TRA0495;4124103
Cliente 6932;TRA0501;3541406
Cliente 7058;TRA0510;4101507
Cliente 7115;TRA0515;3547809
Cliente 7128;TRA0517;3518800
Cliente 7200;TRA0521;3534708
Cliente 7202;TRA0522;3553401
Cliente 7234;TRA0525;3518800
Cliente 7235;TRA0526;4104808
Cliente 7325;TRA0529;4101507
Cliente 7336;TRA0531;3545803
Cliente 7415;TRA0535;3505500
Cliente 7416;TRA0536;3517802
Cliente 7423;TRA0538;4100400
Cliente 7426;TRA0539;3530300
Cliente 7427;TRA0540;4106902
Cliente 7441;TRA0541;3509502
Cliente 7487;TRA0548;4115200
Cliente 7531;TRA0555;3548708
Cliente 7549;TRA0556;3518800
Cliente 7703;TRA0567;3538709
Cliente 7705;TRA0568;4104808
Cliente 7760;TRA0570;3540804
Cliente 7889;TRA0577;4118204
Cliente 7897;TRA0578;3550308
Cliente 7908;TRA0579;3509502
Cliente 7952;TRA0585;3541406
Cliente 8073;TRA0596;4101507
Cliente 8090;TRA0598;4106902
Cliente 8093;TRA0599;3516705
Cliente 8106;TRA0602;4123907
Cliente 8110;TRA0604;3529005
Cliente 8137;TRA0608;3519071
Cliente 8178;TRA0615;4105508
Cliente 8198;TRA0616;4106902
Cliente 8286;TRA0629;3511003
Cliente 8289;TRA0630;3528106
Cliente 8302;TRA0632;3542404
Cliente 8305;TRA0633;4119905
Cliente 8310;TRA0634;3522505
Cliente 8347;TRA0637;3538709
Cliente 8348;TRA0638;4108304
Cliente 8352;TRA0640;3547809
Cliente 8366;TRA0642;3541406
Cliente 8462;TRA0648;3519071
Cliente 8475;TRA0650;3550308
Cliente 8485;TRA0651;3501608
Cliente 8494;TRA0652;3504008
Cliente 8502;TRA0655;4112801
Cliente 8541;TRA0656;3511003
Cliente 8562;TRA0660;3518800
Cliente 8609;TRA0662;3552205
Cliente 8635;TRA0664;4111803
Cliente 8701;TRA0666;4119905
Cliente 8750;TRA0669;4115200
Cliente 8755;TRA0670;3524808
Cliente 8868;TRA0675;3530300
Cliente 8941;TRA0679;3549805
Cliente 8950;TRA0680;3507605
Cliente 8985;TRA0681;4115200
Cliente 9006;TRA0683;3518800
Cliente 9023;TRA0684;4111803
Cliente 9024;TRA0685;3537305
Cliente 9066;TRA0688;3541406
Cliente 9079;TRA0689;4107504
Cliente 9217;TRA0696;3512407
Cliente 9225;TRA0698;3553401
Cliente 9227;TRA0699;4106902
Cliente 9324;TRA0704;3544608
Cliente 9325;TRA0705;3554102
Cliente 9391;TRA0711;3549805
Cliente 9405;TRA0713;3501608
Cliente 9476;TRA0721;3502804
Cliente 9548;TRA0729;4118204
Cliente 9566;TRA0731;4107504
Cliente 9596;TRA0732;3536109
Cliente 9599;TRA0734;3538709
Cliente 9628;TRA0735;3537305
Cliente 9633;TRA0737;4119905
Cliente 9728;TRA0746;3515509
Cliente 9744;TRA0749;3506508
Cliente 9750;TRA0750;3541406
Cliente 9756;TRA0751;3533403
Cliente 9777;TRA0755;4120705
Cliente 9783;TRA0757;4110706
Cliente 9870;TRA0763;3533403
Cliente 9919;TRA0766;3517802
Cliente 9999;TRA0772;3542404
Cliente 10001;TRA0773;3550308
Cliente 10036;TRA0777;4104808
Cliente 10104;TRA0781;3550308
Cliente 10117;TRA0784;3526902
Cliente 10177;TRA0791;4109708
Cliente 10180;TRA0792;4123907
Cliente 10187;TRA0793;3549805
Cliente 10222;TRA0795;3529005
Cliente 10279;TRA0803;4115200
Cliente 10314;TRA0805;4125506
Cliente 10342;TRA0810;3545803
Cliente 10378;TRA0812;3509502
Cliente 10402;TRA0814;3518800
Cliente 10411;TRA0816;4104808
Cliente 10446;TRA0818;3530300
Cliente 10460;TRA0819;3551603
Cliente 10499;TRA0824;3519071
Cliente 10545;TRA0826;3518800
Cliente 10553;TRA0827;3511003
Cliente 10570;TRA0829;4101507
Cliente 10627;TRA0838;3530300
Cliente 10636;TRA0839;3519071
Cliente 10650;TRA0840;4106902
Cliente 10678;TRA0843;4114807
Cliente 10715;TRA0847;2611606
Cliente 10716;TRA0848;2611606
Cliente 10719;TRA0850;3519071
Cliente 10734;TRA0851;3538709
Cliente 10743;TRA0853;3550308
Cliente 10753;TRA0854;3515509
Cliente 10812;TRA0858;3542404
Cliente 10839;TRA0861;3509502
Cliente 10932;TRA0865;3553401
Cliente 10955;TRA0867;4115200
Cliente 10960;TRA0868;4101507
Cliente 11026;TRA0872;3509502
Cliente 11078;TRA0876;3504008
Cliente 11136;TRA0880;3502804
Cliente 11153;TRA0882;4125506
Cliente 11157;TRA0883;3509502
Cliente 11169;TRA0886;4126256
Cliente 11174;TRA0887;3549805
Cliente 11214;TRA0891;4105508
Cliente 11268;TRA0896;3529005
Cliente 11271;TRA0898;3541406
Cliente 11275;TRA0899;3530300
Cliente 11286;TRA0901;4101507
Cliente 11343;TRA0906;4115200
Cliente 11417;TRA0909;4209102
Cliente 11445;TRA0912;3522505
Cliente 11464;TRA0913;3538709
Cliente 11467;TRA0914;3504008
Cliente 11468;TRA0915;4102406
Cliente 11470;TRA0916;4101507
Cliente 11512;TRA0917;4109708
Cliente 11532;TRA0920;4111803
Cliente 11587;TRA0927;3538709
Cliente 11588;TRA0928;3543402
Cliente 11589;TRA0929;3512407
Cliente 11590;TRA0930;3509502
Cliente 11591;TRA0931;3526902
Cliente 11602;TRA0932;3556206
Cliente 11606;TRA0933;4111803
Cliente 11633;TRA0944;3538709
Cliente 11641;TRA0946;3544608
Cliente 11670;TRA0947;3542404
Cliente 11771;TRA0957;3541406
Cliente 11844;TRA0961;4104808
Cliente 11854;TRA0962;3534708
Cliente 11865;TRA0963;3518800
Cliente 11877;TRA0964;4125506
Cliente 11927;TRA0970;4101507
Cliente 11979;TRA0971;3527108
Cliente 11997;TRA0974;4112801
Cliente 12020;TRA0975;4111803
Cliente 12024;TRA0976;3518800
Cliente 12052;TRA0978;3541406
Cliente 12088;TRA0981;4108304
Cliente 12099;TRA0983;4104808
Cliente 12265;TRA0990;3534708
Cliente 12271;TRA0991;3552205
Cliente 12325;TRA0994;3538709
Cliente 12326;TRA0995;3538709
Cliente 12328;TRA0996;3538709
Cliente 12329;TRA0997;3538709
Cliente 12330;TRA0998;3538709
Cliente 12341;TRA1000;3541406
Cliente 12344;TRA1001;4100400
Cliente 12467;TRA1005;4103701
Cliente 12473;TRA1007;3556206
Cliente 12483;TRA1008;3506508
Cliente 12580;TRA1018;3522505
Cliente 12582;TRA1019;3522505
Cliente 12607;TRA1021;3518800
Cliente 12611;TRA1023;4112801
Cliente 12626;TRA1025;4109708
Cliente 12643;TRA1026;3535507
Cliente 12654;TRA1027;3549805
Cliente 12699;TRA1030;4115200
Cliente 12700;TRA1031;4119905
Cliente 12716;TRA1033;3546405
Cliente 12723;TRA1035;3127107
Cliente 12730;TRA1036;3509502
Cliente 12744;TRA1037;3521606
Cliente 12754;TRA1038;3304557
Cliente 12779;TRA1041;4101507
Cliente 12786;TRA1042;3542404
Cliente 12842;TRA1044;3531407
Cliente 12846;TRA1046;4106902
Cliente 12847;TRA1047;3506508
Cliente 12889;TRA1048;4119905
Cliente 12902;TRA1049;4115200
Cliente 12920;TRA1053;3538709
Cliente 12952;TRA1055;4101507
Cliente 12982;TRA1059;3518800
Cliente 13077;TRA1066;4108304
Cliente 13107;TRA1068;3549805
Cliente 13119;TRA1069;3549805
Cliente 13163;TRA1071;3503208
Cliente 13165;TRA1072;3534708
Cliente 13274;TRA1077;4128104
Cliente 13302;TRA1079;4125506
Cliente 13395;TRA1088;3514403
Cliente 13397;TRA1089;4105508
Cliente 13400;TRA1091;3510401
Cliente 13411;TRA1093;3552205
Cliente 13489;TRA1099;3556206
Cliente 13521;TRA1102;3538709
Cliente 13534;TRA1105;3518800
Cliente 13573;TRA1107;3542404
Cliente 13583;TRA1108;3550308
Cliente 13584;TRA1109;3550308
Cliente 13591;TRA1111;4103701
Cliente 13597;TRA1112;4128104
Cliente 13628;TRA1116;4125506
Cliente 13643;TRA1119;3508108
Cliente 13644;TRA1120;3551603
Cliente 13854;TRA1137;4128104
Cliente 13862;TRA1138;3517802
Cliente 13878;TRA1139;3502804
Cliente 13885;TRA1140;3545803
Cliente 13942;TRA1145;3550308
Cliente 13955;TRA1147;4121000
Cliente 14069;TRA1154;3550308
Cliente 14112;TRA1157;3537305
Cliente 14222;TRA1164;3506508
Cliente 14254;TRA1169;3504008
Cliente 14286;TRA1173;3534708
Cliente 14394;TRA1179;3541406
Cliente 14484;TRA1182;3543402
Cliente 14492;TRA1183;3550308
Cliente 14498;TRA1185;3509502
Cliente 14542;TRA1186;3545803
Cliente 14552;TRA1189;3503208
Cliente 14584;TRA1193;3537305
Cliente 14622;TRA1196;4106902
Cliente 14635;TRA1197;4128104
Cliente 14713;TRA1201;3520509
Cliente 14812;TRA1208;4102406
Cliente 14817;TRA1209;4101507
Cliente 14909;TRA1213;3530300
Cliente 14930;TRA1214;4106902
Cliente 14942;TRA1215;5002704
Cliente 14943;TRA1216;5002704
Cliente 14984;TRA1217;3522505
Cliente 15245;TRA1229;3524808
Cliente 15287;TRA1231;3541406
Cliente 15315;TRA1235;3535507
Cliente 15317;TRA1236;3553401
Cliente 15360;TRA1240;4115200
Cliente 15366;TRA1241;4106902
Cliente 15396;TRA1243;4128104
Cliente 15548;TRA1249;3554102
Cliente 15588;TRA1251;4101507
Cliente 15630;TRA1255;4106902
Cliente 15820;TRA1263;3529005
Cliente 15891;TRA1268;3541406
Cliente 15911;TRA1269;4111803
Cliente 16061;TRA1279;3542404
Cliente 16182;TRA1286;4111803
Cliente 16215;TRA1291;4127106
Cliente 16263;TRA1294;3541406
Cliente 16280;TRA1298;3525706
Cliente 16285;TRA1299;4121000
Cliente 16314;TRA1300;3515509
Cliente 16349;TRA1302;3550308
Cliente 16372;TRA1303;3550308
Cliente 16412;TRA1310;3522505
Cliente 16584;TRA1316;3535507
Cliente 16630;TRA1319;3535507
Cliente 16727;TRA1323;3527108
Cliente 16785;TRA1325;3557105
Cliente 16838;TRA1334;3502804
Cliente 16875;TRA1338;4102406
Cliente 16891;TRA1339;3532603
Cliente 16948;TRA1342;4101507
Cliente 16970;TRA1344;3530300
Cliente 16986;TRA1346;4102406
Cliente 17014;TRA1349;4123907
Cliente 17051;TRA1351;3550308
Cliente 17153;TRA1354;4101507
Cliente 17163;TRA1355;3537305
Cliente 17187;TRA1358;4128104
Cliente 17233;TRA1360;3556206
Cliente 17258;TRA1362;3538709
Cliente 17286;TRA1364;3541406
Cliente 17311;TRA1365;3515509
Cliente 17318;TRA1366;3543402
Cliente 17368;TRA1370;3554102
Cliente 17390;TRA1371;3518800
Cliente 17449;TRA1374;3549805
Cliente 17647;TRA1376;3526902
Cliente 17731;TRA1382;4117503
Cliente 17767;TRA1384;3550308
Cliente 17781;TRA1385;3504008
Cliente 17792;TRA1386;3553401
Cliente 17793;TRA1387;3551603
Cliente 17826;TRA1388;3542404
Cliente 18051;TRA1399;4106902
Cliente 18094;TRA1400;3503208
Cliente 18125;TRA1406;3526902
Cliente 18176;TRA1408;4125506
Cliente 18237;TRA1411;3509502
Cliente 18337;TRA1413;4122404
Cliente 18352;TRA1414;3543402
Cliente 18353;TRA1415;3543402
Cliente 18443;TRA1419;4111803
Cliente 18494;TRA1422;3531407
Cliente 18498;TRA1423;3501608
Cliente 18512;TRA1425;3549805
Cliente 18592;TRA1427;3534708
Cliente 18647;TRA1430;4121000
Cliente 18806;TRA1443;3549805
Cliente 18825;TRA1446;4110706
Cliente 18960;TRA1453;3550308
Cliente 18976;TRA1455;4120705
Cliente 18989;TRA1456;4111803
Cliente 19082;TRA1459;3518800
Cliente 19129;TRA1460;3525706
Cliente 19319;TRA1469;3518800
Cliente 19505;TRA1473;3553401
Cliente 19611;TRA1479;3518800
Cliente 19613;TRA1480;3518800
Cliente 19686;TRA1483;4127106
Cliente 19736;TRA1488;5002704
Cliente 19836;TRA1491;3503208
Cliente 19857;TRA1492;3554102
Cliente 19909;TRA1495;4103701
Cliente 19924;TRA1497;3541406
Cliente 19936;TRA1498;4125506
Cliente 20018;TRA1502;3541406
Cliente 20172;TRA1510;3515509
Cliente 20281;TRA1516;3529005
Cliente 20348;TRA1519;3526902
Cliente 20353;TRA1520;4111803
Cliente 20361;TRA1521;3509502
Cliente 20448;TRA1523;2304400
Cliente 21394;TRA1528;3106200
Cliente 21789;TRA1530;3304557
Cliente 22497;TRA1531;3304557
Cliente 22675;TRA1533;3304557
Cliente 22676;TRA1534;3304557
Cliente 22701;TRA1535;5002704
Cliente 22978;TRA1537;3525706
Cliente 22980;TRA1538;3501608
Cliente 22993;TRA1543;3526902
Cliente 23369;TRA1544;3505500
Cliente 23370;TRA1545;3550308
Cliente 23371;TRA1546;3550308
Cliente 23372;TRA1547;3525706
Cliente 23374;TRA1548;3550308
Cliente 23402;TRA1569;3550308
Cliente 23415;TRA1575;3550308
Cliente 23424;TRA1576;3502804
Cliente 23425;TRA1577;3502804
Cliente 23431;TRA1579;3550308
Cliente 23434;TRA1580;3513009
Cliente 23436;TRA1581;3544608
Cliente 23449;TRA1585;3503208
Cliente 23473;TRA1603;3520509
Cliente 23474;TRA1604;3505500
Cliente 23475;TRA1605;3530300
Cliente 23504;TRA1619;3511003
Cliente 23520;TRA1621;3548708
Cliente 23524;TRA1623;3503208
Cliente 23530;TRA1624;3520509
Cliente 23543;TRA1630;3524808
Cliente 23682;TRA1698;3519071
Cliente 23683;TRA1699;3553401
Cliente 23686;TRA1700;3530300
Cliente 23690;TRA1703;3534708
Cliente 23691;TRA1704;3534708
Cliente 23701;TRA1707;3526902
Cliente 23705;TRA1710;3518800
Cliente 23721;TRA1720;3509502
Cliente 23736;TRA1723;3509502
Cliente 23739;TRA1726;3552205
Cliente 23746;TRA1730;3506508
Cliente 23752;TRA1733;3509502
Cliente 23753;TRA1734;3509502
Cliente 23769;TRA1740;3500105
Cliente 23784;TRA1748;3510401
Cliente 23788;TRA1749;3518800
Cliente 23799;TRA1755;3509502
Cliente 23925;TRA1786;3549805
Cliente 23930;TRA1788;3514403
Cliente 23942;TRA1792;3518800
Cliente 23944;TRA1793;3512407
Cliente 23969;TRA1808;3516705
Cliente 23978;TRA1814;3553401
Cliente 23979;TRA1815;3517802
Cliente 23995;TRA1819;3529005
Cliente 24010;TRA1821;3500105
Cliente 24013;TRA1822;3518800
Cliente 24031;TRA1827;3543402
Cliente 24033;TRA1829;3550308
Cliente 24045;TRA1833;3545803
Cliente 24046;TRA1834;3522505
Cliente 24047;TRA1835;3522505
Cliente 24048;TRA1836;3522505
Cliente 24049;TRA1837;3522505
Cliente 24050;TRA1838;3522505
Cliente 24058;TRA1841;3505500
Cliente 24067;TRA1846;3554102
Cliente 24068;TRA1847;3510401
Cliente 24073;TRA1848;3543402
Cliente 24074;TRA1849;3543402
Cliente 24075;TRA1850;3545803
Cliente 24080;TRA1852;3526902
Cliente 24089;TRA1856;3553401
Cliente 24097;TRA1860;3555000
Cliente 24109;TRA1862;3525706
Cliente 24110;TRA1863;3525706
Cliente 24162;TRA1888;3512407
Cliente 24167;TRA1889;3541406
Cliente 24182;TRA1895;3528106
Cliente 24186;TRA1897;3550308
Cliente 24189;TRA1899;3543402
Cliente 24190;TRA1900;3543402
Cliente 24191;TRA1901;3543402
Cliente 24192;TRA1902;3543402
Cliente 24193;TRA1903;3543402
Cliente 24194;TRA1904;3543402
Cliente 24195;TRA1905;3543402
Cliente 24202;TRA1909;3542404
Cliente 24206;TRA1910;3536109
Cliente 24214;TRA1914;3538709
Cliente 24219;TRA1918;3501608
Cliente 24228;TRA1925;3541406
Cliente 24234;TRA1926;3522505
Cliente 24237;TRA1929;3553401
Cliente 24240;TRA1930;3546405
Cliente 24244;TRA1932;3520509
Cliente 24264;TRA1937;3538709
Cliente 24266;TRA1938;3530300
Cliente 24284;TRA1942;3538709
Cliente 24285;TRA1943;3523107
Cliente 24301;TRA1949;3550308
Cliente 24303;TRA1951;3550308
Cliente 24304;TRA1952;3540804
Cliente 24306;TRA1954;3530300
Cliente 24310;TRA1956;3548708
Cliente 24311;TRA1957;3501608
Cliente 24313;TRA1958;3522505
Cliente 24317;TRA1961;3546405
Cliente 24322;TRA1963;3522505
Cliente 24323;TRA1964;3522505
Cliente 24328;TRA1966;3550308
Cliente 24334;TRA1970;3530300
Cliente 24335;TRA1971;3541406
Cliente 24336;TRA1972;3541406
Cliente 24338;TRA1973;3545803
Cliente 24342;TRA1975;3528106
Cliente 24344;TRA1976;3507605
Cliente 24346;TRA1978;3535507
Cliente 24347;TRA1979;3510401
Cliente 24350;TRA1981;3542404
Cliente 24352;TRA1983;3536109
Cliente 24362;TRA1987;3550308
Cliente 24363;TRA1988;3550308
Cliente 24369;TRA1992;3520509
Cliente 24370;TRA1993;3503208
Cliente 24385;TRA2001;3520509
Cliente 24395;TRA2005;3509502
Cliente 24418;TRA2009;3547809
Cliente 24419;TRA2010;3541406
Cliente 24421;TRA2011;3541406
Cliente 24439;TRA2017;3546405
Cliente 24447;TRA2022;3554102
Cliente 24457;TRA2025;3529005
Cliente 24458;TRA2026;3541406
Cliente 24465;TRA2030;3541406
Cliente 24475;TRA2034;3505500
Cliente 24492;TRA2042;3542404
Cliente 24493;TRA2043;3541406
Cliente 24494;TRA2044;3519071
Cliente 24495;TRA2045;3541406
Cliente 24497;TRA2046;3542404
Cliente 24499;TRA2048;3541406
Cliente 24520;TRA2059;3500105
Cliente 24523;TRA2061;3520509
Cliente 24532;TRA2064;3516705
Cliente 24533;TRA2065;3538709
Cliente 24537;TRA2066;3554102
Cliente 24555;TRA2074;3522505
Cliente 24560;TRA2076;3506508
Cliente 24565;TRA2079;3530300
Cliente 24569;TRA2080;3517802
Cliente 24572;TRA2081;3506508
Cliente 24588;TRA2085;3520509
Cliente 24589;TRA2086;3505500
Cliente 24591;TRA2087;3547809
Cliente 24623;TRA2110;3547809
Cliente 24632;TRA2118;3550308
Cliente 24647;TRA2122;3554102
Cliente 24648;TRA2123;3510401
Cliente 24651;TRA2125;3519071
Cliente 24655;TRA2128;3550308
Cliente 24686;TRA2142;3526902
Cliente 24690;TRA2143;3519071
Cliente 24693;TRA2144;3514403
Cliente 24711;TRA2149;3554102
Cliente 24712;TRA2150;3504008
Cliente 24717;TRA2152;3526902
Cliente 24741;TRA2156;3505500
Cliente 24756;TRA2159;3534708
Cliente 24766;TRA2163;3510401
Cliente 24771;TRA2164;3519071
Cliente 24773;TRA2165;3549805
Cliente 24781;TRA2171;3544608
Cliente 24789;TRA2177;3509502
Cliente 24808;TRA2185;3511003
Cliente 24839;TRA2191;3517802
Cliente 24840;TRA2192;3517802
Cliente 24851;TRA2195;3515509
Cliente 24855;TRA2197;3533403
Cliente 24859;TRA2198;3536109
Cliente 24870;TRA2201;3526902
Cliente 24872;TRA2203;3542404
Cliente 24878;TRA2204;3544608
Cliente 24880;TRA2205;3550308
Cliente 24883;TRA2206;3552205
Cliente 24884;TRA2207;3538709
Cliente 24909;TRA2223;3521606
Cliente 24951;TRA2252;3520509
Cliente 24960;TRA2255;3557105
Cliente 24968;TRA2259;3514403
Cliente 24978;TRA2262;3515509
Cliente 24983;TRA2265;3519071
Cliente 24990;TRA2267;3549805
Cliente 24993;TRA2268;3536109
Cliente 25007;TRA2271;3525706
Cliente 25012;TRA2273;3518800
Cliente 25018;TRA2275;3518800
Cliente 25019;TRA2276;3530300
Cliente 25047;TRA2286;3519071
Cliente 25060;TRA2291;3550308
Cliente 25063;TRA2293;3547809
Cliente 25073;TRA2294;3550308
Cliente 25074;TRA2295;3550308
Cliente 25075;TRA2296;3550308
Cliente 25077;TRA2297;3514403
Cliente 25078;TRA2298;3550308
Cliente 25104;TRA2303;3538709
Cliente 25106;TRA2304;3540804
Cliente 25240;TRA2310;3526902
Cliente 25241;TRA2311;3541406
Cliente 25242;TRA2312;3528106
Cliente 25262;TRA2317;3538709
Cliente 25268;TRA2319;3502804
Cliente 25273;TRA2321;3545803
Cliente 25283;TRA2328;3543402
Cliente 25294;TRA2331;3518800
Cliente 25297;TRA2334;3524808
Cliente 25301;TRA2337;3509502
Cliente 25360;TRA2341;3538709
Cliente 25369;TRA2345;3526902
Cliente 25370;TRA2346;3545803
Cliente 25372;TRA2347;3555000
Cliente 25377;TRA2350;3551603
Cliente 25378;TRA2351;3551603
Cliente 25383;TRA2353;3555000
Cliente 25387;TRA2356;3552205
Cliente 25394;TRA2359;3525706
Cliente 25395;TRA2360;3510401
Cliente 25403;TRA2364;3519071
Cliente 25406;TRA2367;3550308
Cliente 25410;TRA2370;3504008
Cliente 25419;TRA2371;3544608
Cliente 25420;TRA2372;3535507
Cliente 25421;TRA2373;3514403
Cliente 25427;TRA2375;3553401
Cliente 25433;TRA2376;3550308
Cliente 25442;TRA2382;3505500
Cliente 25444;TRA2383;3533403
Cliente 25456;TRA2388;3502804
Cliente 25458;TRA2389;3529005
Cliente 25461;TRA2391;3541406
Cliente 25476;TRA2394;3549805
Cliente 25482;TRA2397;3553401
Cliente 25489;TRA2400;3529005
Cliente 25554;TRA2407;4106902
Cliente 25574;TRA2409;3543402
Cliente 25577;TRA2411;3552205
Cliente 25594;TRA2416;3538709
Cliente 25600;TRA2418;3508108
Cliente 25609;TRA2420;3506508
Cliente 25752;TRA2424;3552205
Cliente 25777;TRA2425;3511003
Cliente 25778;TRA2426;3523107
Cliente 25785;TRA2429;3538709
Cliente 25786;TRA2430;3554102
Cliente 25801;TRA2435;3518800
Cliente 25810;TRA2439;3515509
Cliente 25811;TRA2440;3504008
Cliente 25818;TRA2442;4127106
Cliente 25898;TRA2448;4109708
Cliente 25947;TRA2453;3555000
Cliente 25950;TRA2454;3513009
Cliente 25951;TRA2455;3508108
Cliente 25964;TRA2459;3505500
Cliente 25966;TRA2461;3521606
Cliente 25984;TRA2466;3529005
Cliente 25985;TRA2467;3516705
Cliente 25987;TRA2469;3538709
Cliente 25988;TRA2470;3538709
Cliente 25989;TRA2471;3552205
Cliente 25992;TRA2472;3541406
Cliente 25993;TRA2473;3529005
Cliente 25995;TRA2474;3510401
Cliente 26000;TRA2476;3552205
Cliente 26005;TRA2479;3502804
Cliente 26064;TRA2483;4107504
Cliente 26085;TRA2485;4106902
Cliente 26107;TRA2487;4114807
Cliente 26128;TRA2488;4109708
Cliente 26138;TRA2489;4103701
Cliente 26139;TRA2490;4125506
Cliente 26143;TRA2491;4106902
Cliente 26154;TRA2492;4118204
Cliente 26172;TRA2495;4115200
Cliente 26177;TRA2497;3548708
Cliente 26184;TRA2499;3541406
Cliente 26190;TRA2502;3541406
Cliente 26207;TRA2507;3541406
Cliente 26213;TRA2510;3527108
Cliente 26284;TRA2518;4121000
Cliente 26358;TRA2548;4121000
Cliente 26361;TRA2550;4110706
Cliente 26411;TRA2564;4101507
Cliente 26417;TRA2566;4123907
Cliente 26428;TRA2568;4103701
Cliente 26430;TRA2569;4112801
Cliente 26432;TRA2571;4108304
Cliente 26435;TRA2573;4104808
Cliente 26499;TRA2618;4128104
Cliente 26539;TRA2651;4106902
Cliente 26570;TRA2657;4104808
Cliente 26574;TRA2660;4118204
Cliente 26602;TRA2666;4117503
Cliente 26603;TRA2667;4124103
Cliente 26604;TRA2668;4101507
Cliente 26607;TRA2669;4106902
Cliente 26610;TRA2672;4115200
Cliente 26617;TRA2675;4106902
Cliente 26620;TRA2677;4108304
Cliente 26652;TRA2686;4115200
Cliente 26664;TRA2690;4121000
Cliente 26668;TRA2692;4113700
Cliente 26676;TRA2699;4115200
Cliente 26677;TRA2700;4115200
Cliente 26678;TRA2701;4125506
Cliente 26679;TRA2702;4123907
Cliente 26680;TRA2703;4116901
Cliente 26681;TRA2704;4107504
Cliente 26682;TRA2705;4105508
Cliente 26683;TRA2706;4126256
Cliente 26684;TRA2707;4124103
Cliente 26685;TRA2708;4121000
Cliente 26686;TRA2709;4115200
Cliente 26687;TRA2710;4110706
Cliente 26692;TRA2713;4127106
Cliente 26706;TRA2721;4109708
Cliente 26709;TRA2723;4119905
Cliente 26721;TRA2728;4103701
Cliente 26724;TRA2729;4125506
Cliente 26726;TRA2730;4125506
Cliente 26732;TRA2732;4112801
Cliente 26734;TRA2734;4101507
Cliente 26736;TRA2736;4104808
Cliente 26737;TRA2737;4104808
Cliente 26739;TRA2738;4109708
Cliente 26740;TRA2739;4116901
Cliente 26741;TRA2740;4104808
Cliente 26742;TRA2741;4104808
Cliente 26743;TRA2742;4104808
Cliente 26744;TRA2743;4104808
Cliente 26745;TRA2744;4104808
Cliente 26749;TRA2745;4110706
Cliente 26752;TRA2746;4116901
Cliente 26753;TRA2747;4106902
Cliente 26756;TRA2749;4121000
Cliente 26759;TRA2752;4125506
Cliente 26776;TRA2756;4119905
Cliente 26777;TRA2757;4115200
Cliente 26786;TRA2759;4125506
Cliente 26787;TRA2760;4105508
Cliente 26797;TRA2762;4117503
Cliente 26813;TRA2765;4103701
Cliente 26856;TRA2776;4104808
Cliente 26857;TRA2777;4101507
Cliente 26858;TRA2778;4112801
Cliente 26861;TRA2780;4122404
Cliente 26865;TRA2783;4103701
Cliente 26887;TRA2788;4114807
Cliente 26897;TRA2793;4123907
Cliente 26911;TRA2799;4105508
Cliente 27098;TRA2806;4117503
Cliente 27100;TRA2808;4101507
Cliente 27139;TRA2820;4126256
Cliente 27141;TRA2821;4127106
Cliente 27154;TRA2825;4118204
Cliente 27155;TRA2826;4105508
Cliente 27171;TRA2829;4104808
Cliente 27172;TRA2830;4104808
Cliente 27173;TRA2831;4104808
Cliente 27174;TRA2832;4106902
Cliente 27177;TRA2833;4121000
Cliente 27178;TRA2834;4101507
Cliente 27198;TRA2838;4105508
Cliente 27205;TRA2841;4119905
Cliente 27206;TRA2842;4119905
Cliente 27207;TRA2843;4119905
Cliente 27208;TRA2844;4119905
Cliente 27209;TRA2845;4124103
Cliente 27217;TRA2848;4106902
Cliente 27225;TRA2849;4115200
Cliente 27245;TRA2852;4127106
Cliente 27246;TRA2853;4105508
Cliente 27249;TRA2856;4123907
Cliente 27258;TRA2858;4121000
Cliente 27267;TRA2863;4104808
Cliente 27287;TRA2867;4116901
Cliente 27299;TRA2869;4118204
Cliente 27316;TRA2874;4104808
Cliente 27320;TRA2877;4104808
Cliente 27339;TRA2880;4119905
Cliente 27340;TRA2881;4115200
Cliente 27357;TRA2890;4112801
Cliente 27358;TRA2891;4125506
Cliente 27359;TRA2892;4120705
Cliente 27360;TRA2893;4120705
Cliente 27363;TRA2895;4124103
Cliente 27365;TRA2896;4104808
Cliente 27366;TRA2897;4120705
Cliente 27384;TRA2901;4116901
Cliente 27385;TRA2902;4107504
Cliente 27388;TRA2904;4104808
Cliente 27389;TRA2905;4104808
Cliente 27391;TRA2906;4109708
Cliente 27416;TRA2914;4117503
Cliente 27417;TRA2915;4101507
Cliente 27427;TRA2918;4112801
Cliente 27458;TRA2922;4104808
Cliente 27490;TRA2927;4107504
Cliente 27493;TRA2928;4112801
Cliente 27495;TRA2929;4115200
Cliente 27496;TRA2930;4124103
Cliente 27501;TRA2933;4117503
Cliente 27512;TRA2936;4114807
Cliente 27514;TRA2937;4123907
Cliente 27553;TRA2948;4114807
Cliente 27789;TRA2955;4106902
Cliente 27810;TRA2963;4100400
Cliente 27814;TRA2965;4100400
Cliente 27817;TRA2967;4114807
Cliente 27824;TRA2970;4105508
Cliente 27826;TRA2972;4124103
Cliente 27835;TRA2976;4106902
Cliente 27863;TRA2980;4205407
Cliente 27918;TRA2982;4113700
Cliente 27919;TRA2983;4101507
Cliente 27926;TRA2987;4110706
Cliente 27927;TRA2988;4118204
Cliente 27928;TRA2989;4104808
Cliente 30539;TRA3014;4109708
Cliente 30551;TRA3019;4113700
Cliente 30627;TRA3025;3539202
Cliente 30635;TRA3026;3525706
Cliente 30644;TRA3028;3528106
Cliente 30649;TRA3032;3542404
Cliente 30652;TRA3033;3506508
Cliente 30851;TRA3038;4107504
Cliente 31114;TRA3039;3550308
Cliente 31944;TRA3042;4106902
Cliente 32008;TRA3044;3547809
Cliente 32390;TRA3045;3550308
Cliente 32801;TRA3046;3550308
Cliente 33529;TRA3047;4106902
Cliente 34044;TRA3048;3534708
Cliente 34078;TRA3049;3518800
Cliente 34181;TRA3051;3534708
Cliente 34303;TRA3052;3550308
Cliente 34432;TRA3056;4101507
Cliente 34435;TRA3057;4108304
Cliente 34534;TRA3059;4114807
Cliente 34549;TRA3060;4106902
Cliente 35838;TRA3062;3505500
Cliente 35843;TRA3063;4113700
Cliente 35850;TRA3065;3550308
Cliente 35858;TRA3066;4102406
Cliente 35863;TRA3067;4116901
Cliente 35868;TRA3068;4121000
Cliente 35869;TRA3069;4106902
Cliente 35872;TRA3070;4106902
Cliente 35873;TRA3071;3504008
Cliente 35922;TRA3074;4118204
Cliente 35928;TRA3076;4119905
Cliente 35947;TRA3080;3506508
Cliente 35953;TRA3082;4120705
Cliente 35964;TRA3088;4122404
Cliente 35965;TRA3089;4107504
Cliente 35969;TRA3091;4110706
Cliente 35979;TRA3093;3556206
Cliente 35988;TRA3097;3542404
Cliente 36012;TRA3098;4122404
Cliente 36017;TRA3100;3506508
Cliente 36036;TRA3103;3530300
Cliente 36047;TRA3104;3505500
Cliente 36060;TRA3106;3530300
Cliente 36065;TRA3109;4123907
Cliente 36070;TRA3110;3541406
Cliente 36101;TRA3115;4118204
Cliente 36115;TRA3119;4106902
Cliente 36116;TRA3120;4119905
Cliente 36134;TRA3122;3510401
Cliente 36151;TRA3125;4109708
Cliente 36159;TRA3126;3555000
Cliente 36166;TRA3127;3549805
Cliente 36173;TRA3130;4106902
Cliente 36185;TRA3133;4115200
Cliente 36205;TRA3136;4115200
Cliente 36217;TRA3139;3507605
Cliente 36224;TRA3141;4114807
Cliente 36226;TRA3142;3506508
Cliente 36249;TRA3146;3509502
Cliente 36258;TRA3147;3538709
Cliente 36259;TRA3148;4112801
Cliente 36262;TRA3149;4100400
Cliente 36263;TRA3150;4123907
Cliente 36264;TRA3151;4109708
Cliente 36265;TRA3152;3530300
Cliente 36290;TRA3158;3523107
Cliente 36299;TRA3159;4128104
Cliente 36302;TRA3160;3549805
Cliente 36323;TRA3161;3503208
Cliente 36341;TRA3164;4120705
Cliente 36352;TRA3166;3555000
Cliente 36354;TRA3167;4112801
Cliente 36360;TRA3169;3525706
Cliente 36364;TRA3171;4109708
Cliente 36374;TRA3172;4125506
Cliente 36380;TRA3173;3522505
Cliente 36386;TRA3174;4119905
Cliente 36397;TRA3176;4102406
Cliente 36421;TRA3181;4109708
Cliente 36428;TRA3184;4101507
Cliente 36429;TRA3185;3525706
Cliente 36444;TRA3186;3502804
Cliente 36460;TRA3189;3538709
Cliente 36469;TRA3191;3518800
Cliente 36472;TRA3192;3550308
Cliente 36489;TRA3194;4128104
Cliente 36493;TRA3196;4106902
Cliente 36497;TRA3198;3555000
Cliente 36498;TRA3199;3515509
Cliente 36503;TRA3201;4101507
Cliente 36505;TRA3203;3525706
Cliente 36514;TRA3207;3527108
Cliente 36517;TRA3208;4106902
Cliente 36518;TRA3209;3537305
Cliente 36523;TRA3211;3524808
Cliente 36546;TRA3216;3538709
Cliente 36548;TRA3217;4128104
Cliente 36550;TRA3218;3524808
Cliente 36551;TRA3219;3524808
Cliente 36552;TRA3220;3524808
Cliente 36567;TRA3223;4101507
Cliente 36569;TRA3224;3509502
Cliente 36573;TRA3227;3550308
Cliente 36590;TRA3231;4208450
Cliente 36593;TRA3232;4115200
Cliente 36661;TRA3233;3503208
Cliente 36734;TRA3243;3541406
Cliente 36757;TRA3246;3555000
Cliente 36759;TRA3247;3550308
Cliente 36791;TRA3255;4104808
Cliente 36798;TRA3257;3507605
Cliente 36801;TRA3259;4127106
Cliente 36804;TRA3260;4106902
Cliente 36810;TRA3262;4114807
Cliente 36815;TRA3263;4125506
Cliente 36843;TRA3271;4106902
Cliente 36844;TRA3272;4106902
Cliente 36845;TRA3273;4106902
Cliente 36846;TRA3274;4106902
Cliente 36853;TRA3276;4117503
Cliente 36854;TRA3277;4123907
Cliente 36864;TRA3280;4125506
Cliente 36873;TRA3283;4120705
Cliente 36885;TRA3284;4120705
Cliente 36889;TRA3285;4123907
Cliente 36893;TRA3286;4120705
Cliente 36899;TRA3288;4107504
Cliente 36921;TRA3293;4103701
Cliente 36923;TRA3295;4104808
Cliente 36925;TRA3296;4115200
Cliente 36940;TRA3298;4115200
Cliente 36943;TRA3299;3541406
Cliente 38004;TRA3304;3529005
Cliente 38043;TRA3305;4128104
Cliente 41913;TRA3315;3503208
Cliente 41996;TRA3320;4106902
Cliente 42002;TRA3321;4104808
Cliente 42016;TRA3322;4100400
Cliente 42043;TRA3324;4104808
Cliente 42234;TRA3329;4123907
Cliente 42299;TRA3331;3506508
Cliente 42318;TRA3332;3548708
Cliente 42364;TRA3335;3552205
Cliente 42456;TRA3337;3507605
Cliente 42479;TRA3338;3509502
Cliente 42505;TRA3339;3553401
Cliente 42581;TRA3342;3552205
Cliente 42642;TRA3343;3543402
Cliente 42680;TRA3344;4105508
Cliente 42704;TRA3345;4101507
Cliente 42780;TRA3349;3509502
Cliente 42932;TRA3354;3518800
Cliente 42933;TRA3355;3518800
Cliente 42964;TRA3357;4109708
Cliente 43026;TRA3358;3542404
Cliente 43030;TRA3359;4105508
Cliente 43127;TRA3362;3538709
Cliente 43133;TRA3364;4119905
Cliente 43265;TRA3369;4126256
Cliente 43353;TRA3370;4113700
Cliente 43356;TRA3371;4119905
Cliente 43475;TRA3376;4106902
Cliente 43489;TRA3377;4113700
Cliente 43523;TRA3379;3533403
Cliente 43562;TRA3381;3549805
Cliente 43661;TRA3386;4105508
Cliente 43883;TRA3390;3526902
Cliente 44031;TRA3395;3506508
Cliente 44064;TRA3396;4104808
Cliente 44082;TRA3399;3524808
Cliente 44094;TRA3400;3548708
Cliente 44297;TRA3403;4111803
Cliente 44338;TRA3405;4104808
Cliente 44344;TRA3406;4104808
Cliente 44364;TRA3408;3506508
Cliente 44387;TRA3409;3545803
Cliente 44400;TRA3410;4100400
Cliente 44576;TRA3417;3548708
Cliente 44752;TRA3419;4127106
Cliente 44905;TRA3421;4122404
Cliente 44936;TRA3422;3542404
Cliente 44985;TRA3423;3534708
Cliente 45044;TRA3424;3503208
Cliente 45142;TRA3428;4107504
Cliente 45171;TRA3429;4110706
Cliente 45319;TRA3431;4106902
Cliente 45451;TRA3433;3529005
Cliente 45464;TRA3434;4117503
Cliente 45538;TRA3436;3529005
Cliente 45713;TRA3437;3518800
Cliente 45785;TRA3444;4106902
Cliente 45787;TRA3445;3547809
Cliente 45821;TRA3446;3536109
Cliente 45852;TRA3448;3511003
Cliente 45925;TRA3450;3548708
Cliente 45948;TRA3452;3541406
Cliente 45975;TRA3453;3526902
Cliente 45984;TRA3454;4106902
Cliente 46027;TRA3455;3543402
Cliente 46119;TRA3458;3531407
Cliente 46214;TRA3460;3522505
Cliente 46242;TRA3461;3522505
Cliente 46265;TRA3462;4109708
Cliente 46329;TRA3465;3535507
Cliente 46422;TRA3468;4108304
Cliente 46461;TRA3469;3535507
Cliente 46502;TRA3470;4108304
Cliente 46574;TRA3473;3522505
Cliente 46656;TRA3474;4127106
Cliente 46677;TRA3476;4109708
Cliente 46741;TRA3477;3540804
Cliente 46845;TRA3479;3549805
Cliente 46995;TRA3484;4105508
Cliente 47014;TRA3486;3515509
Cliente 47030;TRA3488;3541406
Cliente 47046;TRA3489;4101507
Cliente 47104;TRA3490;3523107
Cliente 47119;TRA3492;3546405
Cliente 47313;TRA3498;4109708
Cliente 47328;TRA3499;4106902
Cliente 47329;TRA3500;4106902
Cliente 47330;TRA3501;4106902
Cliente 47438;TRA3504;3550308
Cliente 47578;TRA3508;3501608
Cliente 47632;TRA3509;4101507
Cliente 47688;TRA3511;4106902
Cliente 47824;TRA3512;3541406
Cliente 47858;TRA3513;3538709
Cliente 48019;TRA3516;4126256
Cliente 48088;TRA3518;3550308
Cliente 48160;TRA3519;3550308
Cliente 48216;TRA3521;3543402
Cliente 48258;TRA3522;4117503
Cliente 48319;TRA3523;4110706
Cliente 48329;TRA3525;4100400
Cliente 48383;TRA3526;3522505
Cliente 48433;TRA3527;4127106
Cliente 48468;TRA3531;4128104
Cliente 48469;TRA3532;4114807
Cliente 48476;TRA3533;3527108
Cliente 48506;TRA3535;3507605
Cliente 48507;TRA3536;3551603
Cliente 48508;TRA3537;3551603
Cliente 48526;TRA3539;4104808
Cliente 48561;TRA3542;3536109
Cliente 48707;TRA3546;4106902
Cliente 48727;TRA3547;4105508
Cliente 48810;TRA3550;4106902
Cliente 48932;TRA3553;4125506
Cliente 48950;TRA3554;4119905
Cliente 48961;TRA3555;3549805
Cliente 48979;TRA3556;3539202
Cliente 48984;TRA3557;3519071
Cliente 49048;TRA3561;3529005
Cliente 49115;TRA3564;4104808
Cliente 49118;TRA3566;3534708
Cliente 49126;TRA3567;4106902
Cliente 49162;TRA3569;4124103
Cliente 49213;TRA3570;4113700
Cliente 49233;TRA3571;3501608
Cliente 49279;TRA3573;3554102
Cliente 49489;TRA3577;4106902
Cliente 49519;TRA3579;3550308
Cliente 49527;TRA3580;4109708
Cliente 49706;TRA3584;4106902
Cliente 49789;TRA3589;3539202
Cliente 49803;TRA3590;4100400
Cliente 49872;TRA3592;4106902
Cliente 49923;TRA3594;4107504
Cliente 50020;TRA3599;4108304
Cliente 50068;TRA3602;3530300
Cliente 50085;TRA3603;3548708
Cliente 50169;TRA3604;4109708
Cliente 50179;TRA3605;3511003
Cliente 50246;TRA3606;3546405
Cliente 50406;TRA3608;3549805
Cliente 50545;TRA3612;4119905
Cliente 50593;TRA3615;3549805
Cliente 50697;TRA3621;3510401
Cliente 50698;TRA3622;4106902
Cliente 50722;TRA3631;3538709
Cliente 50735;TRA3633;3549805
Cliente 50763;TRA3634;3512407
Cliente 50765;TRA3635;3536109
Cliente 50855;TRA3641;4106902
Cliente 50936;TRA3643;4104808
Cliente 51008;TRA3648;3544608
Cliente 51076;TRA3651;4122404
Cliente 51099;TRA3654;3543402
Cliente 51120;TRA3655;3549805
Cliente 51170;TRA3656;3550308
Cliente 51211;TRA3657;3525706
Cliente 51213;TRA3658;3541406
Cliente 51314;TRA3662;3540804
Cliente 51396;TRA3666;3527108
Cliente 51541;TRA3671;4106902
Cliente 51591;TRA3673;3524808
Cliente 51671;TRA3677;4126256
Cliente 51687;TRA3678;3526902
Cliente 51732;TRA3679;3513009
Cliente 51851;TRA3684;4125506
Cliente 51853;TRA3685;3534708
Cliente 51898;TRA3686;3529005
Cliente 51910;TRA3687;3556206
Cliente 51929;TRA3691;3509502
Cliente 52059;TRA3713;3509502
Cliente 52066;TRA3714;3547809
Cliente 52130;TRA3717;3539202
Cliente 52196;TRA3720;3515509
Cliente 52235;TRA3721;3516705
Cliente 52241;TRA3722;4128104
Cliente 52289;TRA3724;3552205
Cliente 52296;TRA3725;4106902
Cliente 52304;TRA3726;3552205
Cliente 52310;TRA3727;3538709
Cliente 52311;TRA3728;3505500
Cliente 52325;TRA3729;3512407
Cliente 52333;TRA3730;3553401
Cliente 52406;TRA3736;4104808
Cliente 52521;TRA3740;4106902
Cliente 52534;TRA3742;4110706
Cliente 52549;TRA3743;3549805
Cliente 52581;TRA3745;3550308
Cliente 52585;TRA3746;3543402
Cliente 52726;TRA3752;3512407
Cliente 52731;TRA3753;3529005
Cliente 52829;TRA3756;3522505
Cliente 52830;TRA3757;3522505
Cliente 52836;TRA3758;3550308
Cliente 52861;TRA3760;4101507
Cliente 52867;TRA3761;4121000
Cliente 52869;TRA3762;4106902
Cliente 52934;TRA3763;3518800
Cliente 52962;TRA3764;4119905
Cliente 53215;TRA3767;4104808
Cliente 53337;TRA3771;3502804
Cliente 53429;TRA3774;3509502
Cliente 53484;TRA3776;3550308
Cliente 53665;TRA3782;4116901
Cliente 53718;TRA3784;4106902
Cliente 53824;TRA3788;3502804
Cliente 53828;TRA3791;4113700
Cliente 53849;TRA3792;4104808
Cliente 53907;TRA3795;4125506
Cliente 53970;TRA3799;3502804
Cliente 54055;TRA3803;4106902
Cliente 54114;TRA3813;3505500
Cliente 54181;TRA3818;3530300
Cliente 54213;TRA3820;3518800
Cliente 54214;TRA3821;4111803
Cliente 54246;TRA3824;4125506
Cliente 54249;TRA3826;3537305
Cliente 54264;TRA3827;3549805
Cliente 54277;TRA3831;3513009
Cliente 54294;TRA3832;4102406
Cliente 54339;TRA3838;4113700
Cliente 54340;TRA3839;4113700
Cliente 54341;TRA3840;4113700
Cliente 54342;TRA3841;4112801
Cliente 54349;TRA3842;3523107
Cliente 54352;TRA3843;3508108
Cliente 54364;TRA3846;3552205
Cliente 54410;TRA3850;4106902
Cliente 54445;TRA3857;4105508
Cliente 54451;TRA3860;3512407
Cliente 54454;TRA3861;3538709
Cliente 54468;TRA3867;3522505
Cliente 54475;TRA3869;3506508
Cliente 54476;TRA3870;3550308
Cliente 54483;TRA3872;3509502
Cliente 54484;TRA3873;4106902
Cliente 54495;TRA3875;4106902
Cliente 54496;TRA3876;4111803
Cliente 54504;TRA3879;3541406
Cliente 54515;TRA3880;4109708
Cliente 54536;TRA3888;4120705
Cliente 54714;TRA3889;3151800
Cliente 55432;TRA3892;3547809
Cliente 55577;TRA3901;3550308
Cliente 55578;TRA3902;3550308
Cliente 55579;TRA3903;3550308
Cliente 55580;TRA3904;3550308
Cliente 55626;TRA3907;3550308
Cliente 55638;TRA3908;3550308
Cliente 55682;TRA3910;3547809
Cliente 55825;TRA3913;3549805
Cliente 55829;TRA3915;3532603
Cliente 55892;TRA3920;3535507
Cliente 55918;TRA3923;3515509
Cliente 55932;TRA3924;3523107
Cliente 56031;TRA3927;3550308
Cliente 56032;TRA3928;3534708
Cliente 56124;TRA3929;3547809
Cliente 56170;TRA3930;3550308
Cliente 56352;TRA3933;3552205
Cliente 56356;TRA3934;3509502
Cliente 56378;TRA3936;3529005
Cliente 56380;TRA3937;3519071
Cliente 56428;TRA3940;3519071
Cliente 56435;TRA3941;3550308
Cliente 56452;TRA3942;3550308
Cliente 56509;TRA3943;3553401
Cliente 56570;TRA3944;3520509
Cliente 56608;TRA3946;3518800
Cliente 56629;TRA3947;3515509
Cliente 56639;TRA3948;3523107
Cliente 56640;TRA3949;3523107
Cliente 56641;TRA3950;3522505
Cliente 56642;TRA3951;3523107
Cliente 56643;TRA3952;3522505
Cliente 56644;TRA3953;3523107
Cliente 56645;TRA3954;3522505
Cliente 56670;TRA3957;3523107
Cliente 56783;TRA3959;3525706
Cliente 56841;TRA3968;3509502
Cliente 56859;TRA3969;3550308
Cliente 56906;TRA3970;3534708
Cliente 56946;TRA3971;3509502
Cliente 56949;TRA3972;3527108
Cliente 56954;TRA3973;3522505
Cliente 56983;TRA3975;3548708
Cliente 57027;TRA3976;3550308
Cliente 57029;TRA3977;3549805
Cliente 57123;TRA3982;3550308
Cliente 57160;TRA3984;3550308
Cliente 57168;TRA3985;3548708
Cliente 57328;TRA3992;3513009
Cliente 57347;TRA3993;3531407
Cliente 57397;TRA3995;3520509
Cliente 57398;TRA3996;3552205
Cliente 57414;TRA3997;3515509
Cliente 57423;TRA3998;3536109
Cliente 57543;TRA4004;3515509
Cliente 57544;TRA4005;3550308
Cliente 57595;TRA4008;3549805
Cliente 57650;TRA4009;3505500
Cliente 57781;TRA4015;3552205
Cliente 57846;TRA4017;3506508
Cliente 57859;TRA4018;3535507
Cliente 57886;TRA4019;3548708
Cliente 57913;TRA4021;3530300
Cliente 57955;TRA4023;3507605
Cliente 58124;TRA4030;3549805
Cliente 58144;TRA4031;3538709
Cliente 58159;TRA4032;3533403
Cliente 58177;TRA4033;3534708
Cliente 58196;TRA4034;3547809
Cliente 58300;TRA4039;3517802
Cliente 58380;TRA4044;3159803
Cliente 58382;TRA4045;3530300
Cliente 58443;TRA4048;3552205
Cliente 58457;TRA4050;3550308
Cliente 58498;TRA4052;3550308
Cliente 58600;TRA4056;3550308
Cliente 58663;TRA4059;3550308
Cliente 58664;TRA4060;3513009
Cliente 58665;TRA4061;3513009
Cliente 58666;TRA4062;3550308
Cliente 58667;TRA4063;3550308
Cliente 58668;TRA4064;3550308
Cliente 58708;TRA4065;3509502
Cliente 58752;TRA4067;3550308
Cliente 58926;TRA4071;3549805
Cliente 58943;TRA4073;3553401
Cliente 58944;TRA4074;3556206
Cliente 58950;TRA4075;3552205
Cliente 58951;TRA4076;3552205
Cliente 58953;TRA4077;3550308
Cliente 59100;TRA4082;3541406
Cliente 59112;TRA4083;3550308
Cliente 59122;TRA4084;3522505
Cliente 59172;TRA4085;3550308
Cliente 59180;TRA4086;3550308
Cliente 59245;TRA4089;3529005
Cliente 59258;TRA4090;3530300
Cliente 59342;TRA4092;3515509
Cliente 59369;TRA4095;3543402
Cliente 59427;TRA4098;3552205
Cliente 59434;TRA4099;3509502
Cliente 59462;TRA4101;3552205
Cliente 59597;TRA4105;4106902
Cliente 59699;TRA4109;3522505
Cliente 59752;TRA4112;3541406
Cliente 59840;TRA4115;3550308
Cliente 59842;TRA4116;3550308
Cliente 59866;TRA4118;3530300
Cliente 59909;TRA4119;3550308
Cliente 59918;TRA4120;3527108
Cliente 60053;TRA4126;3548708
Cliente 60117;TRA4128;3537305
Cliente 60139;TRA4129;3507605
Cliente 60140;TRA4130;3551603
Cliente 60154;TRA4132;3548708
Cliente 60176;TRA4133;3557105
Cliente 60201;TRA4134;3524808
Cliente 60245;TRA4136;4105508
Cliente 60453;TRA4145;3554102
Cliente 60476;TRA4146;3523107
Cliente 60521;TRA4147;4115200
Cliente 60525;TRA4148;4106902
Cliente 60543;TRA4150;4109708
Cliente 60589;TRA4152;4214805
Cliente 60623;TRA4155;4102406
Cliente 60628;TRA4156;4100400
Cliente 60629;TRA4157;4103701
Cliente 60688;TRA4162;4106902
Cliente 60699;TRA4164;4122404
Cliente 60700;TRA4165;4106902
Cliente 60712;TRA4166;4120705
Cliente 60744;TRA4168;4115200
Cliente 60755;TRA4169;4102406
Cliente 60759;TRA4170;4105508
Cliente 60800;TRA4173;4111803
Cliente 60848;TRA4175;4105508
Cliente 60871;TRA4176;4106902
Cliente 60925;TRA4178;4106902
Cliente 60932;TRA4180;4104808
Cliente 60949;TRA4181;4117503
Cliente 60980;TRA4183;4105508
Cliente 60991;TRA4184;4114807
Cliente 60994;TRA4185;4115200
Cliente 60998;TRA4186;4125506
Cliente 61068;TRA4189;4128104
Cliente 61114;TRA4195;4119905
Cliente 61115;TRA4196;4106902
Cliente 61146;TRA4197;4116901
Cliente 61164;TRA4198;4102406
Cliente 61191;TRA4200;4115200
Cliente 61243;TRA4203;4119905
Cliente 61245;TRA4204;4104808
Cliente 61251;TRA4206;4127106
Cliente 61447;TRA4210;4117503
Cliente 61647;TRA4216;4106902
Cliente 61685;TRA4217;4106902
Cliente 61709;TRA4221;4119905
Cliente 61762;TRA4223;4106902
Cliente 61768;TRA4224;4104808
Cliente 61770;TRA4225;4106902
Cliente 61788;TRA4226;4119905
Cliente 61813;TRA4227;4125506
Cliente 61816;TRA4228;4125506
Cliente 61865;TRA4231;4106902
Cliente 61901;TRA4234;4106902
Cliente 61968;TRA4237;4128104
Cliente 62007;TRA4239;4107504
Cliente 62036;TRA4240;4109708
Cliente 62069;TRA4242;4106902
Cliente 62073;TRA4243;4109708
Cliente 62106;TRA4248;4119905
Cliente 62150;TRA4249;4111803
Cliente 62427;TRA4250;4119905
Cliente 62487;TRA4253;4101507
Cliente 62507;TRA4254;4107504
Cliente 62537;TRA4257;4119905
Cliente 62839;TRA4264;4113700
Cliente 62852;TRA4265;4103701
Cliente 62864;TRA4266;4101507
Cliente 62955;TRA4269;3528106
Cliente 63013;TRA4271;3518800
Cliente 63302;TRA4280;4106902
Cliente 63309;TRA4281;4101507
Cliente 63312;TRA4282;4105508
Cliente 63323;TRA4283;4106902
Cliente 63329;TRA4284;4104808
Cliente 63338;TRA4285;4125506
Cliente 63339;TRA4286;4106902
Cliente 63344;TRA4287;4106902
Cliente 63354;TRA4290;4106902
Cliente 63355;TRA4291;4106902
Cliente 63376;TRA4296;4120705
Cliente 63426;TRA4297;4119905
Cliente 66456;TRA4303;3303302
Cliente 67396;TRA4305;3303302
Cliente 72928;TRA4308;4106902
Cliente 74647;TRA4311;4128104
Cliente 74697;TRA4315;4126256
Cliente 74700;TRA4317;4106902
Cliente 74709;TRA4320;4119905
Cliente 74712;TRA4322;4118204
Cliente 74717;TRA4323;4110706
Cliente 74755;TRA4325;4106902
Cliente 75071;TRA4332;3527108
Cliente 75158;TRA4334;3538709
Cliente 75591;TRA4336;3552205
Cliente 76789;TRA4341;3507605
Cliente 76790;TRA4342;3507605
Cliente 86869;TRA4346;3550308
Cliente 86955;TRA4351;3545803
Cliente 86966;TRA4354;3527108
Cliente 86983;TRA4359;4106902
Cliente 86988;TRA4361;3519071
Cliente 86989;TRA4362;4119905
Cliente 86990;TRA4363;4126256
Cliente 86999;TRA4365;4125506
Cliente 87006;TRA4368;3512407
Cliente 87018;TRA4374;4114807
Cliente 87021;TRA4375;4100400
Cliente 87023;TRA4376;4107504
Cliente 87024;TRA4377;3507605
Cliente 87039;TRA4379;3505500
Cliente 88571;TRA4380;4116901
Cliente 91232;TRA4431;4113700
Cliente 95183;TRA4572;4125506
Cliente 119502;TRA4573;4104808
Cliente 119815;TRA4574;4101507
Cliente 119818;TRA4575;4101507
Cliente 121968;TRA4581;5208707
Cliente 122142;TRA4582;3550308
Cliente 122607;TRA4586;3550308
Cliente 122611;TRA4587;3550308
Cliente 122614;TRA4588;3550308
Cliente 122633;TRA4589;4106902
Cliente 123447;TRA4591;4125506
Cliente 124004;TRA4594;5208707
Cliente 124127;TRA4596;3201902
Cliente 124638;TRA4598;3547809
Cliente 124780;TRA4601;3550308
Cliente 124907;TRA4605;3550308
Cliente 124910;TRA4607;3550308
Cliente 125044;TRA4608;3547809
Cliente 125254;TRA4610;3550308
Cliente 125316;TRA4612;3525706
Cliente 125323;TRA4613;3525706
Cliente 125326;TRA4614;3550308
Cliente 125815;TRA4617;3503208
Cliente 125838;TRA4619;3550308
Cliente 125953;TRA4620;3529005
Cliente 126062;TRA4622;3550308
Cliente 126097;TRA4623;3548708
Cliente 126425;TRA4627;3550308
Cliente 126426;TRA4628;3550308
Cliente 126427;TRA4629;3550308
Cliente 126475;TRA4630;3550308
Cliente 126476;TRA4631;3550308
Cliente 126477;TRA4632;3550308
Cliente 202721;TRA4649;3509502
Cliente 221025;TRA4654;4106902
Cliente 221045;TRA4655;4119905
Cliente 221057;TRA4657;3509502
Cliente 221067;TRA4659;4111803
Cliente 221068;TRA4660;4113700
Cliente 221135;TRA4662;4205407
Cliente 221166;TRA4663;3531407
Cliente 221245;TRA4665;4120705
Cliente 221247;TRA4666;4120705
Cliente 221309;TRA4668;4109708
Cliente 221762;TRA4678;3550308
Cliente 223169;TRA4694;4100400
Cliente 223223;TRA4699;3540804
Cliente 223239;TRA4700;4116901
Cliente 223378;TRA4708;3534708
Cliente 223425;TRA4709;3531407
Cliente 223427;TRA4710;4104808
Cliente 223446;TRA4711;3537305
Cliente 223587;TRA4718;4128104
Cliente 223607;TRA4720;4106902
Cliente 223610;TRA4721;4106902
Cliente 223620;TRA4722;4119905
Cliente 223714;TRA4726;4109708
Cliente 223772;TRA4729;3506508
Cliente 223788;TRA4730;3523107
Cliente 223795;TRA4731;4126256
Cliente 223865;TRA4734;3505500
Cliente 224019;TRA4737;3550308
Cliente 224028;TRA4738;4126256
Cliente 224104;TRA4745;4106902
Cliente 224117;TRA4746;3552205
Cliente 224175;TRA4747;3501608
Cliente 224288;TRA4754;3550308
Cliente 224588;TRA4759;4125506
Cliente 224627;TRA4760;4119905
Cliente 224632;TRA4761;4119905
Cliente 224765;TRA4762;3515509
Cliente 224870;TRA4767;4104808
Cliente 224993;TRA4769;4109708
Cliente 225013;TRA4770;4119905
Cliente 225192;TRA4777;4106902
Cliente 225271;TRA4780;3538709
Cliente 225630;TRA4789;3501608
Cliente 225650;TRA4791;4107504
Cliente 225756;TRA4797;4117503
Cliente 225773;TRA4798;3549805
Cliente 225995;TRA4803;3518800
Cliente 226011;TRA4805;4115200
Cliente 226033;TRA4806;4109708
Cliente 226047;TRA4807;4105508
Cliente 226089;TRA4808;4124103
Cliente 226096;TRA4809;3550308
Cliente 226100;TRA4810;3550308
Cliente 226221;TRA4814;3505500
Cliente 226306;TRA4816;3545803
Cliente 226307;TRA4817;3508108
Cliente 226362;TRA4819;4106902
Cliente 226378;TRA4820;3534708
Cliente 226408;TRA4821;5002704
Cliente 226550;TRA4823;3542404
Cliente 226698;TRA4829;4115200
Cliente 226750;TRA4836;4118204
Cliente 226890;TRA4839;3510401
Cliente 226939;TRA4840;4114807
Cliente 226981;TRA4843;3537305
Cliente 227045;TRA4844;3518800
Cliente 227046;TRA4845;3518800
Cliente 227109;TRA4847;4103701
Cliente 227150;TRA4848;4104808
Cliente 227353;TRA4851;4117503
Cliente 227482;TRA4853;3517802
Cliente 227575;TRA4854;3537305
Cliente 227732;TRA4856;3556206
Cliente 227749;TRA4857;3518800
Cliente 228025;TRA4861;4105508
Cliente 228220;TRA4865;3550308
Cliente 228222;TRA4866;3550308
Cliente 228230;TRA4868;4106902
Cliente 228331;TRA4870;4128104
Cliente 228335;TRA4871;4103701
Cliente 228486;TRA4874;3518800
Cliente 228521;TRA4875;3536109
Cliente 228602;TRA4878;3520509
Cliente 228665;TRA4881;4124103
Cliente 228726;TRA4883;3531407
Cliente 228775;TRA4889;3539202
Cliente 228781;TRA4890;3541406
Cliente 229017;TRA4892;4100400
Cliente 229143;TRA4897;3537305
Cliente 229237;TRA4899;3515509
Cliente 229357;TRA4901;3515509
Cliente 229463;TRA4904;3518800
Cliente 229535;TRA4907;3511003
Cliente 229548;TRA4908;3533403
Cliente 229578;TRA4911;3506508
Cliente 229935;TRA4939;3501608
Cliente 229942;TRA4940;4121000
Cliente 229976;TRA4943;4112801
Cliente 229996;TRA4944;4117503
Cliente 230007;TRA4945;3514403
Cliente 230032;TRA4946;3513009
Cliente 230033;TRA4947;4124103
Cliente 230077;TRA4948;3522505
Cliente 230115;TRA4952;4119905
Cliente 230131;TRA4953;4128104
Cliente 230375;TRA4955;3519071
Cliente 230385;TRA4956;3508108
Cliente 230388;TRA4958;3542404
Cliente 230402;TRA4959;3520509
Cliente 230404;TRA4960;3520509
Cliente 230618;TRA4962;4108304
Cliente 230757;TRA4967;4107504
Cliente 230762;TRA4968;3552205
Cliente 230939;TRA4970;4128104
Cliente 230954;TRA4975;4101507
Cliente 230975;TRA4976;4117503
Cliente 230981;TRA4978;4109708
Cliente 231013;TRA4981;3536109
Cliente 231033;TRA4984;4128104
Cliente 231050;TRA4986;3548708
Cliente 231099;TRA4990;3529005
Cliente 231110;TRA4992;3527108
Cliente 231131;TRA4995;3520509
Cliente 231155;TRA4997;4109708
Cliente 231206;TRA5002;3550308
Cliente 231211;TRA5003;3550308
Cliente 231214;TRA5004;3550308
Cliente 231312;TRA5008;3550308
Cliente 231320;TRA5010;3509502
Cliente 231322;TRA5011;3520509
Cliente 231426;TRA5018;4107504
Cliente 231427;TRA5019;3541406
Cliente 231718;TRA5029;4125506
Cliente 231789;TRA5030;3538709
Cliente 231955;TRA5036;3550308
Cliente 231960;TRA5037;4109708
Cliente 231982;TRA5039;4111803
Cliente 232496;TRA5042;3538709
Cliente 232626;TRA5043;3550308
Cliente 232747;TRA5046;3541406
Cliente 233036;TRA5051;4106902
Cliente 233222;TRA5052;3524808
Cliente 233503;TRA5059;3526902
Cliente 233507;TRA5061;3543402
Cliente 233526;TRA5062;3549805
Cliente 233556;TRA5064;3518800
Cliente 233588;TRA5067;4213609
Cliente 233620;TRA5068;3520509
Cliente 233634;TRA5069;3509502
Cliente 233683;TRA5070;4119905
Cliente 233779;TRA5074;3509502
Cliente 233790;TRA5076;3549805
Cliente 233859;TRA5080;3507605
Cliente 233926;TRA5082;3550308
Cliente 233927;TRA5083;4119905
Cliente 233948;TRA5084;4106902
Cliente 233950;TRA5085;4106902
Cliente 233967;TRA5086;4106902
Cliente 233969;TRA5087;4125506
Cliente 234056;TRA5089;4106902
Cliente 234151;TRA5090;4101507
Cliente 234315;TRA5094;3515509
Cliente 234320;TRA5095;4106902
Cliente 234322;TRA5096;3515509
Cliente 234399;TRA5097;3554102
Cliente 234444;TRA5102;3543402
Cliente 234499;TRA5104;4106902
Cliente 234521;TRA5113;3510401
Cliente 234546;TRA5114;3508108
Cliente 234664;TRA5118;4105508
Cliente 234816;TRA5122;3515509
Cliente 234851;TRA5126;3523107
Cliente 235000;TRA5130;3552205
Cliente 235056;TRA5132;4116901
Cliente 235090;TRA5133;3546405
Cliente 235159;TRA5136;4101507
Cliente 235178;TRA5137;4106902
Cliente 235379;TRA5141;4112801
Cliente 235381;TRA5142;4106902
Cliente 235394;TRA5146;5002704
Cliente 235439;TRA5149;3523107
Cliente 235560;TRA5152;3550308
Cliente 235599;TRA5157;3549805
Cliente 235816;TRA5161;4104808
Cliente 235962;TRA5166;4101507
Cliente 235973;TRA5168;3506508
Cliente 235988;TRA5169;3530300
Cliente 236204;TRA5176;3504008
Cliente 236427;TRA5189;3520509
Cliente 236475;TRA5190;3527108
Cliente 236581;TRA5192;3550308
Cliente 236671;TRA5193;3550308
Cliente 236734;TRA5194;3516705
Cliente 236780;TRA5198;3533403
Cliente 236878;TRA5200;4104808
Cliente 236897;TRA5201;4105508
Cliente 236902;TRA5202;4105508
Cliente 236937;TRA5203;4115200
Cliente 237043;TRA5206;3500105
Cliente 237104;TRA5209;4108304
Cliente 237122;TRA5210;4108304
Cliente 237230;TRA5216;3509502
Cliente 237279;TRA5218;3506508
Cliente 237334;TRA5219;4108304
Cliente 237362;TRA5224;3548708
Cliente 237415;TRA5227;3536109
Cliente 237418;TRA5228;4106902
Cliente 237446;TRA5229;3552205
Cliente 237451;TRA5230;3515509
Cliente 237452;TRA5231;3550308
Cliente 237536;TRA5237;4108304
Cliente 237537;TRA5238;4108304
Cliente 237538;TRA5239;4108304
Cliente 237550;TRA5241;3515509
Cliente 237560;TRA5242;4107504
Cliente 237587;TRA5244;4127106
Cliente 237588;TRA5245;4127106
Cliente 237589;TRA5246;4127106
Cliente 237611;TRA5247;4106902
Cliente 237676;TRA5249;4128104
Cliente 237808;TRA5250;4118204
Cliente 237810;TRA5251;4118204
Cliente 237816;TRA5254;4117503
Cliente 237864;TRA5258;4106902
Cliente 237950;TRA5261;3510401
Cliente 238098;TRA5267;3504008
Cliente 238189;TRA5270;3530300
Cliente 238244;TRA5273;3550308
Cliente 238267;TRA5276;4117503
Cliente 238283;TRA5277;3555000
Cliente 238290;TRA5278;4106902
Cliente 238354;TRA5283;4121000
Cliente 238471;TRA5287;3542404
Cliente 238524;TRA5289;4125506
Cliente 238792;TRA5297;3541406
Cliente 238796;TRA5298;3535507
Cliente 238854;TRA5300;4107504
Cliente 238978;TRA5309;3513009
Cliente 238987;TRA5311;3545803
Cliente 239275;TRA5318;3530300
Cliente 239409;TRA5323;4121000
Cliente 239429;TRA5324;3506508
Cliente 239449;TRA5327;3550308
Cliente 239490;TRA5328;3550308
Cliente 239499;TRA5330;3550308
Cliente 239504;TRA5332;4102406
Cliente 239507;TRA5333;3515509
Cliente 239508;TRA5334;3550308
Cliente 239536;TRA5335;4107504
Cliente 239568;TRA5336;3510401
Cliente 239667;TRA5340;3529005
Cliente 239736;TRA5343;4106902
Cliente 239740;TRA5344;4101507
Cliente 239900;TRA5354;3506508
Cliente 240136;TRA5358;3541406
Cliente 240152;TRA5361;5002704
Cliente 240153;TRA5362;5002704
Cliente 240223;TRA5364;4106902
Cliente 240387;TRA5366;4118204
Cliente 240431;TRA5368;4106902
Cliente 240521;TRA5370;4117503
Cliente 240595;TRA5373;4127106
Cliente 240598;TRA5374;4127106
Cliente 240600;TRA5375;4108304
Cliente 240605;TRA5376;3550308
Cliente 240786;TRA5380;3536109
Cliente 240931;TRA5383;4101507
Cliente 240963;TRA5384;3509502
Cliente 241007;TRA5387;3534708
Cliente 241009;TRA5389;3532603
Cliente 241015;TRA5390;4105508
Cliente 241030;TRA5391;4122404
Cliente 241059;TRA5393;3518800
Cliente 241136;TRA5394;4112801
Cliente 241143;TRA5395;4127106
Cliente 241188;TRA5396;4123907
Cliente 241265;TRA5398;3513009
Cliente 241436;TRA5401;4106902
Cliente 241452;TRA5402;4113700
Cliente 241454;TRA5403;4117503
Cliente 241459;TRA5404;3542404
Cliente 241524;TRA5407;4106902
Cliente 241724;TRA5410;4206405
Cliente 241765;TRA5411;4100400
Cliente 241804;TRA5413;3518800
Cliente 241854;TRA5414;3516705
Cliente 241882;TRA5415;3514403
Cliente 241930;TRA5416;4106902
Cliente 241935;TRA5417;4100400
Cliente 241959;TRA5421;4117503
Cliente 242065;TRA5423;4104808
Cliente 242089;TRA5426;4105508
Cliente 242137;TRA5428;3509502
Cliente 242161;TRA5431;4119905
Cliente 242237;TRA5433;3509502
Cliente 242251;TRA5434;3510401
Cliente 242269;TRA5436;4114807
Cliente 242288;TRA5438;4119905
Cliente 242289;TRA5439;4106902
Cliente 242330;TRA5440;3502804
Cliente 242462;TRA5442;4110706
Cliente 242514;TRA5445;3510401
Cliente 242698;TRA5448;3538709
Cliente 242713;TRA5449;4104808
Cliente 242856;TRA5451;4113700
Cliente 242866;TRA5453;3554102
Cliente 242882;TRA5454;3527108
Cliente 242883;TRA5455;3527108
Cliente 242916;TRA5456;3552205
Cliente 243006;TRA5457;3529005
Cliente 243202;TRA5461;4118204
Cliente 243203;TRA5462;4118204
Cliente 243313;TRA5464;3546405
Cliente 243328;TRA5465;4104808
Cliente 243388;TRA5467;4101507
Cliente 243725;TRA5479;3529005
Cliente 243741;TRA5481;3518800
Cliente 243746;TRA5482;4125506
Cliente 243832;TRA5483;4106902
Cliente 243844;TRA5484;4113700
Cliente 243970;TRA5488;3517802
Cliente 243971;TRA5489;3502804
Cliente 243989;TRA5491;3502804
Cliente 244166;TRA5493;4106902
Cliente 244186;TRA5495;3530300
Cliente 244187;TRA5496;3514403
Cliente 244228;TRA5497;3550308
Cliente 244331;TRA5502;4106902
Cliente 244369;TRA5505;3504008
Cliente 244384;TRA5508;4121000
Cliente 244424;TRA5510;4106902
Cliente 244443;TRA5511;4102406
Cliente 244481;TRA5512;4101507
Cliente 244518;TRA5513;5007208
Cliente 244520;TRA5514;3502804
Cliente 244523;TRA5515;3516705
Cliente 244524;TRA5516;5007208
Cliente 244537;TRA5518;4112801
Cliente 244554;TRA5519;3552205
Cliente 244685;TRA5522;4117503
Cliente 244954;TRA5527;4106902
Cliente 244988;TRA5529;3530300
Cliente 245036;TRA5531;3525706
Cliente 245135;TRA5532;3547809
Cliente 245141;TRA5533;3549805
Cliente 245190;TRA5535;4106902
Cliente 245243;TRA5536;4127106
Cliente 245258;TRA5537;3529005
Cliente 245291;TRA5540;3546405
Cliente 245298;TRA5541;4122404
Cliente 245322;TRA5542;4100400
Cliente 245324;TRA5543;3539202
Cliente 245346;TRA5545;3524808
Cliente 245380;TRA5546;3541406
Cliente 245436;TRA5547;3522505
Cliente 245457;TRA5548;4106902
Cliente 245534;TRA5549;4106902
Cliente 245537;TRA5550;4122404
Cliente 245546;TRA5551;4119905
Cliente 245564;TRA5552;3551603
Cliente 245631;TRA5553;3533403
Cliente 245635;TRA5554;4118204
Cliente 245759;TRA5556;4118204
Cliente 245820;TRA5558;3541406
Cliente 245827;TRA5559;3501608
Cliente 245837;TRA5560;4108304
Cliente 245900;TRA5563;4115200
Cliente 245989;TRA5567;4113700
Cliente 246060;TRA5568;4125506
Cliente 246063;TRA5570;3509502
Cliente 246082;TRA5573;3534708
Cliente 246112;TRA5575;4118204
Cliente 246121;TRA5577;3530300
Cliente 246130;TRA5578;3525706
Cliente 246138;TRA5581;3557105
Cliente 246139;TRA5582;3549805
Cliente 246183;TRA5583;4124103
Cliente 246246;TRA5585;4118204
Cliente 246255;TRA5586;4111803
Cliente 246278;TRA5587;4119905
Cliente 246295;TRA5588;3541406
Cliente 246352;TRA5589;3556206
Cliente 246363;TRA5592;4119905
Cliente 246380;TRA5593;3553401
Cliente 246387;TRA5594;4106902
Cliente 246420;TRA5595;3527108
Cliente 246570;TRA5597;4105508
Cliente 246658;TRA5598;3543402
Cliente 246754;TRA5600;4124103
Cliente 246889;TRA5602;4106902
Cliente 246908;TRA5603;3536109
Cliente 246947;TRA5605;4100400
Cliente 247012;TRA5607;3534708
Cliente 247050;TRA5609;3502804
Cliente 247051;TRA5610;4120705
Cliente 247114;TRA5612;3517802
Cliente 247193;TRA5615;3545803
Cliente 247220;TRA5616;4106902
Cliente 247221;TRA5617;3533403
Cliente 247252;TRA5618;4121000
Cliente 247255;TRA5619;4100400
Cliente 247294;TRA5621;3547809
Cliente 247375;TRA5623;3541406
Cliente 247387;TRA5624;4115200
Cliente 247406;TRA5626;3528106
Cliente 247417;TRA5627;3515509
Cliente 247520;TRA5630;3506508
Cliente 247922;TRA5640;4105508
Cliente 248022;TRA5641;4113700
Cliente 248208;TRA5645;4107504
Cliente 248313;TRA5647;3538709
Cliente 248408;TRA5648;5002704
Cliente 248540;TRA5650;3522505
Cliente 248547;TRA5651;4115200
Cliente 248561;TRA5652;3538709
Cliente 248589;TRA5653;4104808
Cliente 248673;TRA5654;3534708
Cliente 248781;TRA5657;4104808
Cliente 248795;TRA5659;3550308
Cliente 248903;TRA5661;5002704
Cliente 248913;TRA5662;3550308
Cliente 248917;TRA5663;3530300
Cliente 248997;TRA5665;3550308
Cliente 249006;TRA5666;3550308
Cliente 249117;TRA5668;3538709
Cliente 249128;TRA5669;3557105
Cliente 249130;TRA5670;3506508
Cliente 249194;TRA5671;3532603
Cliente 249232;TRA5672;3550308
Cliente 249234;TRA5673;3549805
Cliente 249239;TRA5675;3526902
Cliente 249244;TRA5676;3556206
Cliente 249304;TRA5678;4109708
Cliente 249307;TRA5679;3552205
Cliente 249308;TRA5680;3557105
Cliente 249450;TRA5685;3533403
Cliente 249497;TRA5686;3538709
Cliente 249503;TRA5687;3538709
Cliente 249506;TRA5688;4103701
Cliente 249535;TRA5689;4110706
Cliente 249537;TRA5690;3518800
Cliente 249544;TRA5691;4106902
Cliente 249555;TRA5692;3551603
Cliente 249587;TRA5693;3505500
Cliente 249674;TRA5695;3517802
Cliente 249769;TRA5696;3525706
Cliente 249858;TRA5697;4104808
Cliente 249915;TRA5698;3550308
Cliente 250107;TRA5704;3548708
Cliente 250167;TRA5708;4124103
Cliente 250181;TRA5710;3502804
Cliente 250213;TRA5712;3537305
Cliente 250217;TRA5713;4103701
Cliente 250228;TRA5714;3513009
Cliente 250267;TRA5715;3550308
Cliente 250279;TRA5716;3536109
Cliente 250300;TRA5717;4117503
Cliente 250320;TRA5718;3501608
Cliente 250327;TRA5719;3550308
Cliente 250334;TRA5720;3522505
Cliente 250349;TRA5722;4109708
Cliente 250364;TRA5723;3554102
Cliente 250377;TRA5724;3503208
Cliente 250406;TRA5726;3527108
Cliente 250407;TRA5727;4114807
Cliente 250409;TRA5728;3509502
Cliente 250431;TRA5729;4115200
Cliente 250433;TRA5730;3518800
Cliente 250437;TRA5731;3556206
Cliente 250448;TRA5732;3528106
Cliente 250463;TRA5733;3539202
Cliente 250476;TRA5734;3520509
Cliente 250538;TRA5737;4104808
Cliente 250626;TRA5740;3549805
Cliente 250650;TRA5741;3523107
Cliente 250658;TRA5742;4105508
Cliente 250691;TRA5746;4118204
Cliente 250722;TRA5747;4105508
Cliente 250724;TRA5748;3547809
Cliente 250733;TRA5749;4104808
Cliente 250742;TRA5750;3543402
Cliente 250766;TRA5752;3527108
Cliente 250773;TRA5754;4121000
Cliente 250868;TRA5755;3541406
Cliente 250869;TRA5756;4111803
Cliente 250870;TRA5757;4111803
Cliente 250880;TRA5760;4115200
Cliente 250940;TRA5761;5003702
Cliente 250972;TRA5765;3502804
Cliente 250975;TRA5767;3517802
Cliente 250976;TRA5768;3526902
Cliente 251127;TRA5771;3512407
Cliente 251236;TRA5776;3530300
Cliente 251238;TRA5777;4112801
Cliente 251318;TRA5784;4101507
Cliente 251368;TRA5786;3527108
Cliente 251401;TRA5790;3520509
Cliente 251627;TRA5798;4107504
Cliente 251635;TRA5799;4102406
Cliente 251730;TRA5803;3547809
Cliente 251731;TRA5804;3550308
Cliente 251733;TRA5805;3550308
Cliente 251747;TRA5806;4108304
Cliente 251750;TRA5807;3550308
Cliente 251825;TRA5808;3545803
Cliente 251826;TRA5809;4108304
Cliente 251867;TRA5812;3534708
Cliente 251869;TRA5814;3534708
Cliente 251909;TRA5816;3541406
Cliente 252041;TRA5820;4116901
Cliente 252060;TRA5822;3511003
Cliente 252066;TRA5823;4124103
Cliente 252090;TRA5824;3508108
Cliente 252161;TRA5825;3549805
Cliente 252192;TRA5826;4117503
Cliente 252205;TRA5827;3527108
Cliente 252231;TRA5829;4109708
Cliente 252268;TRA5847;4102406
Cliente 252282;TRA5848;3518800
Cliente 252328;TRA5850;3507605
Cliente 252372;TRA5852;3550308
Cliente 252411;TRA5853;3518800
Cliente 252427;TRA5854;4115200
Cliente 252428;TRA5855;4115200
Cliente 252495;TRA5856;4124103
Cliente 258910;TRA5862;3515509
Cliente 258996;TRA5863;3523107
Cliente 259151;TRA5864;3525706
Cliente 259306;TRA5865;4100400
Cliente 259494;TRA5868;3506508
Cliente 259600;TRA5870;4101507
Cliente 259622;TRA5872;3550308
Cliente 259673;TRA5876;4106902
Cliente 259675;TRA5878;4112801
Cliente 259680;TRA5879;3550308
Cliente 259687;TRA5880;3515509
Cliente 259948;TRA5884;3534708
Cliente 259952;TRA5885;3510401
Cliente 259954;TRA5886;4127106
Cliente 259959;TRA5887;3549805
Cliente 260017;TRA5888;4119905
Cliente 260018;TRA5889;4119905
Cliente 260088;TRA5891;4110706
Cliente 260089;TRA5892;4108304
Cliente 260090;TRA5893;4113700
Cliente 260162;TRA5895;4115200
Cliente 260164;TRA5896;4115200
Cliente 260250;TRA5897;4106902
Cliente 260252;TRA5898;3533403
Cliente 260257;TRA5899;4106902
Cliente 260263;TRA5900;3538709
Cliente 260397;TRA5901;4106902
Cliente 260398;TRA5902;4208450
Cliente 260418;TRA5904;3517802
Cliente 260420;TRA5905;4109708
Cliente 260421;TRA5906;3522505
Cliente 260422;TRA5907;3550308
Cliente 260450;TRA5908;4114807
Cliente 260504;TRA5909;3532603
Cliente 260509;TRA5911;4208450
Cliente 260511;TRA5912;3550308
Cliente 260513;TRA5913;3539202
Cliente 260518;TRA5914;3553401
Cliente 260520;TRA5915;3543402
Cliente 260539;TRA5918;4104808
Cliente 260541;TRA5919;3529005
Cliente 260593;TRA5922;3538709
Cliente 260661;TRA5925;3541406
Cliente 260663;TRA5926;3530300
Cliente 260680;TRA5927;3528106
Cliente 260734;TRA5928;3541406
Cliente 260774;TRA5932;3523107
Cliente 260861;TRA5933;3538709
Cliente 260865;TRA5934;4105508
Cliente 260917;TRA5935;3511003
Cliente 260939;TRA5938;4103701
Cliente 260961;TRA5939;3553401
Cliente 261006;TRA5942;3554102
Cliente 261133;TRA5945;3550308
Cliente 261150;TRA5946;3545803
Cliente 261159;TRA5948;3537305
Cliente 261160;TRA5949;3537305
Cliente 261163;TRA5950;4118204
Cliente 261220;TRA5951;3553401
Cliente 261251;TRA5952;3519071
Cliente 261328;TRA5953;3545803
Cliente 261363;TRA5955;4109708
Cliente 261366;TRA5956;3553401
Cliente 261378;TRA5957;4101507
Cliente 261393;TRA5959;4124103
Cliente 261454;TRA5960;4123907
Cliente 261466;TRA5962;3535507
Cliente 261534;TRA5963;4128104
Cliente 261560;TRA5966;3541406
Cliente 261561;TRA5967;4124103
Cliente 261656;TRA5969;4117503
Cliente 261666;TRA5971;4127106
Cliente 261696;TRA5972;3519071
Cliente 261711;TRA5973;3548708
Cliente 261720;TRA5974;3518800
Cliente 261723;TRA5975;3518800
Cliente 261726;TRA5976;3540804
Cliente 261739;TRA5977;3534708
Cliente 261740;TRA5978;3522505
Cliente 261741;TRA5979;3522505
Cliente 261742;TRA5980;3550308
Cliente 261745;TRA5981;3513009
Cliente 261746;TRA5982;3525706
Cliente 261748;TRA5983;3513009
Cliente 261749;TRA5984;3513009
Cliente 276898;TRA5991;3550308
Cliente 277397;TRA5993;3517802
Cliente 277404;TRA5994;3541406
Cliente 277463;TRA5995;4106902
Cliente 277578;TRA5998;3550308
Cliente 277643;TRA6001;4117503
Cliente 277654;TRA6003;4101507
Cliente 277656;TRA6004;4116901
Cliente 277725;TRA6007;4125506
Cliente 277761;TRA6009;3540804
Cliente 277822;TRA6011;3542404
Cliente 277823;TRA6012;3541406
Cliente 277861;TRA6014;4104808
Cliente 277870;TRA6016;4123907
Cliente 277954;TRA6017;3552205
Cliente 278008;TRA6018;4125506
Cliente 278039;TRA6020;4105508
Cliente 278182;TRA6025;3557105
Cliente 278184;TRA6026;3552205
Cliente 278247;TRA6027;3542404
Cliente 278322;TRA6028;4113700
Cliente 278349;TRA6029;3541406
Cliente 278352;TRA6030;3509502
Cliente 278846;TRA6033;3553401
Cliente 278900;TRA6035;4124103
Cliente 279047;TRA6036;4124103
Cliente 279246;TRA6038;4101507
Cliente 279629;TRA6041;4105508
Cliente 279718;TRA6046;4110706
Cliente 280024;TRA6052;3541406
Cliente 280025;TRA6053;4119905
Cliente 280027;TRA6054;3547809
Cliente 280091;TRA6057;4112801
Cliente 280117;TRA6059;3509502
Cliente 280146;TRA6061;4106902
Cliente 280162;TRA6062;3504008
Cliente 280271;TRA6065;3509502
Cliente 280308;TRA6067;3509502
Cliente 280330;TRA6068;4128104
Cliente 280335;TRA6070;4109708
Cliente 280355;TRA6073;4105508
Cliente 280356;TRA6074;4106902
Cliente 280357;TRA6075;4119905
Cliente 280409;TRA6079;3508108
Cliente 280415;TRA6080;4120705
Cliente 280419;TRA6082;4119905
Cliente 280421;TRA6083;4106902
Cliente 280452;TRA6085;3534708
Cliente 280557;TRA6092;3530300
Cliente 280560;TRA6094;3550308
Cliente 280561;TRA6095;3552205
Cliente 280568;TRA6096;3518800
Cliente 280614;TRA6099;4106902
Cliente 280710;TRA6102;3503208
Cliente 280714;TRA6103;3515509
Cliente 280766;TRA6105;3518800
Cliente 280830;TRA6107;4106902
Cliente 281121;TRA6116;3537305
Cliente 281205;TRA6117;4107504
Cliente 281244;TRA6118;4101507
Cliente 281296;TRA6119;3550308
Cliente 281341;TRA6121;3552205
Cliente 281447;TRA6123;3533403
Cliente 281476;TRA6124;3554102
Cliente 281540;TRA6127;3504008
Cliente 281552;TRA6128;3537305
Cliente 281602;TRA6130;4106902
Cliente 281682;TRA6133;4105508
Cliente 281683;TRA6134;4124103
Cliente 281694;TRA6135;3515509
Cliente 281901;TRA6146;4104808
Cliente 281902;TRA6147;4104808
Cliente 281903;TRA6148;4110706
Cliente 281960;TRA6151;3543402
Cliente 281974;TRA6153;3504008
Cliente 281980;TRA6155;3509502
Cliente 282036;TRA6156;3525706
Cliente 282184;TRA6157;3538709
Cliente 282185;TRA6158;3535507
Cliente 282186;TRA6159;3541406
Cliente 282200;TRA6160;3538709
Cliente 282203;TRA6161;4102406
Cliente 282208;TRA6163;4113700
Cliente 282210;TRA6165;4118204
Cliente 282223;TRA6167;3550308
Cliente 282238;TRA6168;3536109
Cliente 282241;TRA6169;3550308
Cliente 282260;TRA6170;3522505
Cliente 282302;TRA6173;4111803
Cliente 282354;TRA6176;4118204
Cliente 282360;TRA6179;3510401
Cliente 282385;TRA6181;4105508
Cliente 282389;TRA6182;4104808
Cliente 282396;TRA6184;4105508
Cliente 282402;TRA6185;4105508
Cliente 282404;TRA6186;4115200
Cliente 282407;TRA6188;4105508
Cliente 282412;TRA6189;4106902
Cliente 282413;TRA6190;4125506
Cliente 282416;TRA6193;4105508
Cliente 282423;TRA6196;3535507
Cliente 282472;TRA6198;4112801
Cliente 282475;TRA6199;4117503
Cliente 282476;TRA6200;4124103
Cliente 282478;TRA6202;4124103
Cliente 282546;TRA6203;3516705
Cliente 282553;TRA6204;4106902
Cliente 282556;TRA6205;4106902
Cliente 282575;TRA6207;3502804
Cliente 282674;TRA6210;4126256
Cliente 282845;TRA6212;3513009
Cliente 282846;TRA6213;3501608
Cliente 282847;TRA6214;3509502
Cliente 282848;TRA6215;4100400
Cliente 282980;TRA6219;4104808
Cliente 282981;TRA6220;4106902
Cliente 282982;TRA6221;4100400
Cliente 283049;TRA6250;3530300
Cliente 283132;TRA6256;3501608
Cliente 283170;TRA6263;4127106
Cliente 283173;TRA6264;4128104
Cliente 283183;TRA6267;4128104
Cliente 283203;TRA6270;4101507
Cliente 283259;TRA6278;4119905
Cliente 283263;TRA6281;4127106
Cliente 283269;TRA6283;4109708
Cliente 283278;TRA6284;4106902
Cliente 283299;TRA6288;3550308
Cliente 283311;TRA6290;3505500
Cliente 283353;TRA6297;4107504
Cliente 283366;TRA6301;3550308
Cliente 283485;TRA6311;3523107
Cliente 283725;TRA6322;4108304
Cliente 283753;TRA6326;4107504
Cliente 283848;TRA6332;3555000
Cliente 283935;TRA6334;3526902
Cliente 283936;TRA6335;3526902
Cliente 283937;TRA6336;3526902
Cliente 283938;TRA6337;3526902
Cliente 283939;TRA6338;4124103
Cliente 283945;TRA6340;3553401
Cliente 283959;TRA6341;4111803
Cliente 283986;TRA6342;4119905
Cliente 284087;TRA6348;3514403
Cliente 284102;TRA6349;3534708
Cliente 284104;TRA6350;3535507
Cliente 284109;TRA6351;3533403
Cliente 284112;TRA6352;4107504
Cliente 284113;TRA6353;4107504
Cliente 284114;TRA6354;3534708
Cliente 284119;TRA6356;4106902
Cliente 284166;TRA6359;3500105
Cliente 284167;TRA6360;4112801
Cliente 284177;TRA6362;3506508
Cliente 284178;TRA6363;3541406
Cliente 284190;TRA6365;3518800
Cliente 284195;TRA6366;3518800
Cliente 284196;TRA6367;3541406
Cliente 284197;TRA6368;3502804
Cliente 284240;TRA6375;3548708
Cliente 284241;TRA6376;3547809
Cliente 284243;TRA6377;3506508
Cliente 284244;TRA6378;3506508
Cliente 284247;TRA6381;4118204
Cliente 284248;TRA6382;3506508
Cliente 284252;TRA6383;3549805
Cliente 284254;TRA6385;3536109
Cliente 284260;TRA6387;3515509
Cliente 284263;TRA6388;3538709
Cliente 284281;TRA6390;3504008
Cliente 284308;TRA6392;3525706
Cliente 284309;TRA6393;3541406
Cliente 284312;TRA6395;4107504
Cliente 284313;TRA6396;3550308
Cliente 284342;TRA6400;4119905
Cliente 284345;TRA6402;3501608
Cliente 284352;TRA6403;3526902
Cliente 284354;TRA6404;4105508
Cliente 284356;TRA6406;4105508
Cliente 284357;TRA6407;4105508
Cliente 284358;TRA6408;3527108
Cliente 284359;TRA6409;3541406
Cliente 284372;TRA6410;3520509
Cliente 284389;TRA6414;5002704
Cliente 284392;TRA6415;5002704
Cliente 284393;TRA6416;5002704
Cliente 284394;TRA6417;5002704
Cliente 284395;TRA6418;5002704
Cliente 284423;TRA6421;4105508
Cliente 284424;TRA6422;4105508
Cliente 284425;TRA6423;3533403
Cliente 284440;TRA6425;4124103
Cliente 284441;TRA6426;4105508
Cliente 284443;TRA6427;4105508
Cliente 284444;TRA6428;3545803
Cliente 284448;TRA6430;3539202
Cliente 284449;TRA6431;3539202
Cliente 284453;TRA6432;3530300
Cliente 284455;TRA6433;3520509
Cliente 284458;TRA6436;3540804
Cliente 284459;TRA6437;3531407
Cliente 284462;TRA6438;3550308
Cliente 284464;TRA6439;4105508
Cliente 284465;TRA6440;4105508
Cliente 284467;TRA6442;3506508
Cliente 284481;TRA6445;3540804
Cliente 284484;TRA6446;3536109
Cliente 284509;TRA6447;3540804
Cliente 284515;TRA6448;3501608
Cliente 284518;TRA6449;3515509
Cliente 284529;TRA6451;3540804
Cliente 284531;TRA6453;3540804
Cliente 284534;TRA6455;3555000
Cliente 284548;TRA6456;3514403
Cliente 284551;TRA6457;3556206
Cliente 284587;TRA6460;4124103
Cliente 284595;TRA6462;4105508
Cliente 284596;TRA6463;3537305
Cliente 284608;TRA6464;4106902
Cliente 284609;TRA6465;4125506
Cliente 284610;TRA6466;4115200
Cliente 284623;TRA6467;4208450
Cliente 284633;TRA6470;4118204
Cliente 284659;TRA6483;4104808
Cliente 284716;TRA6484;4104808
Cliente 284727;TRA6485;4104808
Cliente 284743;TRA6487;3532603
Cliente 284745;TRA6488;4104808
Cliente 284769;TRA6489;4109708
Cliente 284775;TRA6492;4125506
Cliente 284776;TRA6493;4127106
Cliente 284783;TRA6495;4104808
Cliente 284790;TRA6497;4119905
Cliente 284791;TRA6498;4119905
Cliente 284812;TRA6501;4124103
Cliente 284813;TRA6502;4113700
Cliente 284816;TRA6504;4110706
Cliente 284817;TRA6505;4115200
Cliente 284818;TRA6506;4124103
Cliente 284821;TRA6509;4115200
Cliente 284835;TRA6511;3522505
Cliente 284837;TRA6513;4103701
Cliente 284855;TRA6517;3550308
Cliente 284856;TRA6518;4108304
Cliente 284857;TRA6519;4100400
Cliente 284877;TRA6521;3513009
Cliente 284885;TRA6523;4102406
Cliente 284888;TRA6526;4102406
Cliente 284893;TRA6527;4109708
Cliente 284894;TRA6528;4109708
Cliente 284895;TRA6529;4102406
Cliente 284900;TRA6531;4106902
Cliente 284914;TRA6534;4102406
Cliente 284915;TRA6535;4124103
Cliente 284917;TRA6536;4124103
Cliente 284930;TRA6538;4108304
Cliente 284931;TRA6539;4102406
Cliente 284933;TRA6541;3526902
Cliente 284934;TRA6542;4112801
Cliente 284945;TRA6546;4114807
Cliente 284946;TRA6547;3509502
Cliente 284947;TRA6548;3548708
Cliente 284961;TRA6556;3545803
Cliente 284966;TRA6558;3530300
Cliente 284982;TRA6561;4122404
Cliente 284992;TRA6566;3503208
Cliente 285015;TRA6569;3541406
Cliente 285068;TRA6572;4121000
Cliente 285084;TRA6576;3541406
Cliente 285085;TRA6577;3541406
Cliente 285090;TRA6579;3515509
Cliente 285091;TRA6580;3503208
Cliente 285093;TRA6581;3529005
Cliente 285106;TRA6583;4106902
Cliente 285108;TRA6584;4124103
Cliente 285109;TRA6585;4112801
Cliente 285118;TRA6587;4105508
Cliente 285121;TRA6589;3528106
Cliente 285130;TRA6590;4102406
Cliente 285134;TRA6592;4109708
Cliente 285138;TRA6594;4117503
Cliente 285152;TRA6598;3510401
Cliente 285161;TRA6600;3550308
Cliente 285163;TRA6601;3535507
Cliente 285172;TRA6602;3523107
Cliente 285173;TRA6603;3534708
Cliente 285185;TRA6605;3531407
Cliente 285197;TRA6606;3543402
Cliente 285214;TRA6610;3541406
Cliente 285219;TRA6611;4106902
Cliente 285220;TRA6612;4122404
Cliente 285238;TRA6617;3549805
Cliente 285252;TRA6626;3549805
Cliente 285256;TRA6629;3549805
Cliente 285260;TRA6631;3549805
Cliente 285263;TRA6632;3549805
Cliente 285266;TRA6634;3549805
Cliente 285271;TRA6636;4107504
Cliente 285274;TRA6638;3548708
Cliente 285291;TRA6639;3516705
Cliente 285292;TRA6640;4104808
Cliente 285293;TRA6641;3506508
Cliente 285296;TRA6642;3525706
Cliente 285299;TRA6644;3550308
Cliente 285300;TRA6645;4110706
Cliente 285303;TRA6646;3549805
Cliente 285308;TRA6648;4115200
Cliente 285311;TRA6649;4102406
Cliente 285322;TRA6653;3541406
Cliente 285325;TRA6654;3540804
Cliente 285327;TRA6655;3552205
Cliente 285328;TRA6656;3552205
Cliente 285329;TRA6657;3520509
Cliente 285336;TRA6658;3520509
Cliente 285359;TRA6668;4112801
Cliente 285373;TRA6676;3547809
Cliente 285385;TRA6679;3547809
Cliente 285390;TRA6680;3553401
Cliente 285393;TRA6681;3527108
Cliente 285394;TRA6682;3527108
Cliente 285395;TRA6683;3527108
Cliente 285399;TRA6684;3543402
Cliente 285401;TRA6685;3535507
Cliente 285403;TRA6686;3541406
Cliente 285404;TRA6687;3541406
Cliente 285406;TRA6689;3551603
Cliente 285413;TRA6691;4125506
Cliente 285420;TRA6693;3502804
Cliente 285424;TRA6697;3526902
Cliente 285425;TRA6698;4112801
Cliente 285429;TRA6701;3515509
Cliente 285436;TRA6702;3530300
Cliente 285437;TRA6703;4104808
Cliente 285438;TRA6704;4122404
Cliente 285439;TRA6705;4112801
Cliente 285457;TRA6708;3506508
Cliente 285461;TRA6710;3532603
Cliente 285463;TRA6712;3555000
Cliente 285480;TRA6719;3534708
Cliente 285485;TRA6720;3548708
Cliente 285488;TRA6721;3549805
Cliente 285489;TRA6722;3549805
Cliente 285493;TRA6724;3541406
Cliente 285498;TRA6726;3547809
Cliente 285499;TRA6727;3547809
Cliente 285500;TRA6728;3547809
Cliente 285503;TRA6729;3547809
Cliente 285508;TRA6732;4112801
Cliente 285525;TRA6739;4117503
Cliente 285526;TRA6740;3549805
Cliente 285528;TRA6741;3542404
Cliente 285529;TRA6742;3541406
Cliente 285539;TRA6746;3506508
Cliente 285551;TRA6748;3531407
Cliente 285575;TRA6754;3529005
Cliente 285580;TRA6756;3525706
Cliente 285588;TRA6760;3548708
Cliente 285591;TRA6763;3502804
Cliente 285592;TRA6764;3511003
Cliente 285593;TRA6765;3503208
Cliente 285594;TRA6766;3503208
Cliente 285598;TRA6767;4125506
Cliente 285609;TRA6772;3548708
Cliente 285617;TRA6776;3528106
Cliente 285618;TRA6777;3521606
Cliente 285621;TRA6780;3549805
Cliente 285630;TRA6782;3501608
Cliente 285634;TRA6783;3509502
Cliente 285635;TRA6784;3519071
Cliente 285636;TRA6785;3509502
Cliente 285637;TRA6786;3509502
Cliente 285639;TRA6787;3549805
Cliente 285641;TRA6789;3508108
Cliente 285643;TRA6790;3533403
Cliente 285652;TRA6794;4117503
Cliente 285665;TRA6798;3546405
Cliente 285666;TRA6799;3535507
Cliente 285687;TRA6811;3527108
Cliente 285693;TRA6812;3513009
Cliente 285703;TRA6813;4112801
Cliente 285712;TRA6816;3547809
Cliente 285715;TRA6817;3533403
Cliente 285724;TRA6821;3516705
Cliente 285725;TRA6822;3516705
Cliente 285726;TRA6823;3543402
Cliente 285727;TRA6824;3543402
Cliente 285733;TRA6827;3509502
Cliente 285750;TRA6833;3554102
Cliente 285752;TRA6834;3556206
Cliente 285767;TRA6841;4108304
Cliente 285772;TRA6842;4108304
Cliente 285773;TRA6843;4108304
Cliente 285774;TRA6844;4108304
Cliente 285775;TRA6845;4108304
Cliente 285781;TRA6849;3522505
Cliente 285794;TRA6856;3524808
Cliente 285814;TRA6859;4126256
Cliente 285820;TRA6862;4124103
Cliente 285839;TRA6872;4106902
Cliente 285850;TRA6876;3526902
Cliente 285853;TRA6879;4126256
Cliente 285922;TRA6896;3549805
Cliente 286011;TRA6910;3550308
Cliente 286049;TRA6915;3549805
Cliente 286068;TRA6917;3545803
Cliente 286077;TRA6918;3541406
Cliente 286166;TRA6921;3507605
Cliente 286170;TRA6923;3509502
Cliente 286180;TRA6927;3530300
Cliente 286194;TRA6928;4115200
Cliente 286222;TRA6937;3550308
Cliente 286344;TRA6954;4104808
Cliente 286364;TRA6960;4123907
Cliente 286383;TRA6964;3541406
Cliente 286411;TRA6972;3506508
Cliente 286413;TRA6974;4126256
Cliente 286431;TRA6980;3504008
Cliente 286445;TRA6984;3509502
Cliente 286446;TRA6985;3509502
Cliente 286507;TRA7001;3538709
Cliente 286540;TRA7021;3550308
Cliente 286587;TRA7054;3550308
Cliente 286596;TRA7059;5002704
Cliente 286628;TRA7085;3538709
Cliente 286637;TRA7093;3548708
Cliente 286649;TRA7101;3539202
Cliente 286653;TRA7104;3550308
Cliente 286657;TRA7106;3304557
Cliente 286667;TRA7114;3548708
Cliente 286668;TRA7115;3548708
Cliente 286669;TRA7116;3550308
Cliente 286673;TRA7120;3550308
Cliente 286684;TRA7127;3550308
Cliente 286685;TRA7128;3550308
Cliente 286686;TRA7129;3550308
Cliente 286687;TRA7130;3550308
Cliente 286688;TRA7131;3550308
Cliente 286692;TRA7132;3550308
Cliente 286693;TRA7133;3506508
Cliente 286700;TRA7139;3548708
Cliente 286701;TRA7140;3550308
Cliente 286702;TRA7141;3550308
Cliente 286726;TRA7150;3504008
Cliente 286736;TRA7152;3550308
Cliente 286780;TRA7171;3303302
Cliente 286781;TRA7172;3303302
Cliente 286782;TRA7173;3531407
Cliente 286840;TRA7191;3550308
Cliente 286847;TRA7196;3550308
Cliente 286866;TRA7209;3507605
Cliente 286874;TRA7213;3530300
Cliente 286889;TRA7221;3552205
Cliente 286890;TRA7222;4101507
Cliente 286893;TRA7223;4118204
Cliente 286896;TRA7224;4102406
Cliente 286922;TRA7234;3525706
Cliente 286924;TRA7235;3550308
Cliente 286926;TRA7237;3548708
Cliente 286945;TRA7241;3519071
Cliente 286946;TRA7242;3549805
Cliente 286953;TRA7245;4114807
Cliente 286954;TRA7246;4126256
Cliente 286976;TRA7252;4126256
Cliente 286979;TRA7254;4126256
Cliente 286980;TRA7255;4126256
Cliente 286985;TRA7259;3550308
Cliente 286988;TRA7262;3550308
Cliente 286999;TRA7268;3509502
Cliente 287002;TRA7269;3550308
Cliente 287004;TRA7270;3550308
Cliente 287009;TRA7275;3543402
Cliente 287014;TRA7277;3552205
Cliente 287032;TRA7283;4125506
Cliente 287038;TRA7286;3549805
Cliente 287049;TRA7292;4106902
Cliente 287051;TRA7294;3552205
Cliente 287054;TRA7296;3550308
Cliente 287073;TRA7307;4106902
Cliente 287082;TRA7312;3541406
Cliente 287094;TRA7315;3550308
Cliente 287122;TRA7320;3550308
Cliente 287203;TRA7346;3550308
Cliente 287237;TRA7364;4105508
Cliente 287262;TRA7369;4120705
Cliente 287280;TRA7373;4101507
Cliente 287317;TRA7379;4113700
Cliente 287326;TRA7383;3533403
Cliente 287347;TRA7390;4112801
Cliente 287387;TRA7395;3550308
Cliente 287389;TRA7396;3550308
Cliente 287434;TRA7403;3531407
Cliente 287526;TRA7418;3516705
Cliente 287545;TRA7421;3554102
Cliente 287560;TRA7423;4101507
Cliente 287573;TRA7430;4104808
Cliente 287626;TRA7434;3542404
Cliente 287645;TRA7437;4205407
Cliente 287657;TRA7438;3526902
Cliente 287661;TRA7440;3550308
Cliente 287710;TRA7448;4107504
Cliente 287721;TRA7453;3520509
Cliente 287732;TRA7456;3513009
Cliente 287736;TRA7457;4106902
Cliente 287784;TRA7464;4112801
Cliente 287793;TRA7468;4106902
Cliente 287798;TRA7470;4106902
Cliente 287800;TRA7472;4109708
Cliente 287822;TRA7479;3519071
Cliente 287824;TRA7481;3511003
Cliente 287867;TRA7483;3525706
Cliente 287898;TRA7491;3518800
Cliente 287899;TRA7492;3552205
Cliente 287901;TRA7493;4123907
Cliente 287976;TRA7504;4106902
Cliente 287977;TRA7505;4106902
Cliente 287980;TRA7506;4103701
Cliente 287982;TRA7507;3550308
Cliente 287990;TRA7508;4119905
Cliente 287991;TRA7509;4109708
Cliente 288014;TRA7512;3550308
Cliente 288020;TRA7513;4105508
Cliente 288024;TRA7516;4114807
Cliente 288050;TRA7517;4107504
Cliente 288091;TRA7519;4106902
Cliente 288128;TRA7523;4109708
Cliente 288131;TRA7524;4110706
Cliente 288138;TRA7525;3518800
Cliente 288188;TRA7534;4106902
Cliente 288189;TRA7535;4104808
Cliente 288299;TRA7539;4116901
Cliente 288307;TRA7541;3533403
Cliente 288314;TRA7544;4109708
Cliente 288389;TRA7553;4121000
Cliente 288411;TRA7555;3552205
Cliente 288415;TRA7557;4128104
Cliente 288464;TRA7563;3501608
Cliente 288513;TRA7583;4126256
Cliente 288533;TRA7586;4101507
Cliente 288544;TRA7589;3556206
Cliente 288550;TRA7590;3506508
Cliente 288619;TRA7601;3541406
Cliente 288654;TRA7613;4101507
Cliente 288727;TRA7622;3543402
Cliente 288732;TRA7623;3552205
Cliente 288736;TRA7624;4106902
Cliente 288752;TRA7626;4110706
Cliente 288785;TRA7634;3549805
Cliente 288790;TRA7635;3522505
Cliente 288803;TRA7643;3540804
Cliente 288806;TRA7645;3530300
Cliente 288807;TRA7646;3501608
Cliente 288808;TRA7647;3525706
Cliente 288809;TRA7648;3552205
Cliente 288830;TRA7655;3505500
Cliente 288954;TRA7663;4119905
Cliente 288963;TRA7667;4112801
Cliente 288991;TRA7673;4105508
Cliente 288994;TRA7674;4113700
Cliente 289005;TRA7675;4116901
Cliente 289011;TRA7676;3508108
Cliente 289050;TRA7678;3525706
Cliente 289060;TRA7682;3503208
Cliente 289061;TRA7683;3507605
Cliente 289081;TRA7688;3543402
Cliente 289126;TRA7691;4100400
Cliente 289162;TRA7694;3505500
Cliente 289199;TRA7695;3550308
Cliente 289213;TRA7696;3500105
Cliente 289219;TRA7697;3500105
Cliente 289220;TRA7698;3500105
Cliente 289246;TRA7700;3550308
Cliente 289247;TRA7701;4120705
Cliente 289262;TRA7704;4105508
Cliente 289298;TRA7710;3500105
Cliente 289336;TRA7712;3543402
Cliente 289387;TRA7715;4205407
Cliente 289442;TRA7716;4106902
Cliente 289453;TRA7718;3522505
Cliente 289458;TRA7719;3522505
Cliente 289459;TRA7720;4106902
Cliente 289465;TRA7723;3506508
Cliente 289471;TRA7725;4117503
Cliente 289538;TRA7733;3525706
Cliente 289543;TRA7734;4108304
Cliente 289563;TRA7737;3527108
Cliente 289564;TRA7738;3541406
Cliente 289598;TRA7740;4106902
Cliente 289619;TRA7747;3507605
Cliente 289620;TRA7748;3550308
Cliente 289638;TRA7751;4118204
Cliente 289641;TRA7753;3515509
Cliente 289652;TRA7755;3546405
Cliente 289660;TRA7757;3541406
Cliente 289671;TRA7758;3549805
Cliente 289704;TRA7759;3506508
Cliente 289772;TRA7771;3530300
Cliente 289775;TRA7772;3536109
Cliente 289780;TRA7774;3506508
Cliente 289793;TRA7777;3530300
Cliente 289814;TRA7781;4116901
Cliente 289841;TRA7788;3542404
Cliente 289852;TRA7789;3500105
Cliente 289881;TRA7791;3534708
Cliente 289903;TRA7793;3554102
Cliente 289905;TRA7794;3554102
Cliente 289925;TRA7797;3552205
Cliente 289962;TRA7803;3304557
Cliente 289984;TRA7809;3550308
Cliente 289985;TRA7810;4118204
Cliente 289990;TRA7813;4107504
Cliente 290008;TRA7817;3557105
Cliente 290016;TRA7821;4113700
Cliente 290017;TRA7822;4103701
Cliente 290020;TRA7823;4113700
Cliente 290035;TRA7827;4113700
Cliente 290045;TRA7832;3552205
Cliente 290064;TRA7837;4106902
Cliente 290065;TRA7838;4106902
Cliente 290066;TRA7839;4105508
Cliente 290082;TRA7841;4101507
Cliente 290088;TRA7843;4119905
Cliente 290114;TRA7847;4119905
Cliente 290119;TRA7848;3529005
Cliente 290120;TRA7849;4106902
Cliente 290123;TRA7850;4126256
Cliente 290124;TRA7851;4125506
Cliente 290125;TRA7852;3552205
Cliente 290136;TRA7854;3524808
Cliente 290137;TRA7855;4118204
Cliente 290139;TRA7856;4128104
Cliente 290146;TRA7861;4105508
Cliente 290148;TRA7862;4106902
Cliente 290166;TRA7866;4122404
Cliente 290184;TRA7869;3550308
Cliente 290200;TRA7875;3541406
Cliente 290226;TRA7881;3510401
Cliente 290229;TRA7883;3528106
Cliente 290233;TRA7885;4119905
Cliente 290240;TRA7887;3553401
Cliente 290249;TRA7889;4106902
Cliente 290253;TRA7891;3507605
Cliente 290255;TRA7892;3550308
Cliente 290262;TRA7895;3507605
Cliente 290268;TRA7896;3552205
Cliente 290276;TRA7897;3550308
Cliente 290284;TRA7901;3114550
Cliente 290287;TRA7903;4112801
Cliente 290292;TRA7907;3514403
Cliente 290299;TRA7909;3529005
Cliente 290304;TRA7911;4117503
Cliente 290306;TRA7912;3534708
Cliente 290310;TRA7913;4121000
Cliente 290312;TRA7914;4111803
Cliente 290313;TRA7915;4109708
Cliente 290316;TRA7918;4104808
Cliente 290351;TRA7921;4121000
Cliente 290352;TRA7922;4104808
Cliente 290363;TRA7926;4106902
Cliente 290401;TRA7933;3550308
Cliente 290404;TRA7935;3550308
Cliente 290406;TRA7937;3512407
Cliente 290413;TRA7940;3518800
Cliente 290432;TRA7942;3550308
Cliente 290436;TRA7944;4106902
Cliente 290439;TRA7946;3550308
Cliente 290441;TRA7947;3503208
Cliente 290452;TRA7951;4101507
Cliente 290453;TRA7952;4128104
Cliente 290454;TRA7953;4109708
Cliente 290466;TRA7957;4104808
Cliente 290473;TRA7959;3550308
Cliente 290485;TRA7961;4103701
Cliente 290487;TRA7962;3507605
Cliente 290488;TRA7963;3507605
Cliente 290496;TRA7965;4119905
Cliente 290498;TRA7966;4117503
Cliente 290502;TRA7967;3545803
Cliente 290516;TRA7971;4111803
Cliente 290525;TRA7972;3522505
Cliente 290527;TRA7973;4122404
Cliente 290528;TRA7974;4110706
Cliente 290531;TRA7975;4102406
Cliente 290533;TRA7976;4105508
Cliente 290535;TRA7977;3528106
Cliente 290538;TRA7978;4112801
Cliente 290542;TRA7979;3550308
Cliente 290556;TRA7982;3550308
Cliente 290559;TRA7983;4104808
Cliente 290560;TRA7984;4112801
Cliente 290561;TRA7985;4121000
Cliente 290563;TRA7986;4106902
Cliente 290565;TRA7987;3556206
Cliente 290569;TRA7990;4117503
Cliente 290573;TRA7991;3548708
Cliente 290574;TRA7992;3550308
Cliente 290575;TRA7993;3547809
Cliente 290577;TRA7994;4101507
Cliente 290578;TRA7995;4106902
Cliente 290592;TRA7997;4108304
Cliente 290598;TRA7998;3503208
Cliente 290602;TRA8000;4105508
Cliente 290609;TRA8003;3550308
Cliente 290667;TRA8010;4110706
Cliente 290728;TRA8021;5103403
Cliente 290747;TRA8027;3550308
Cliente 290766;TRA8028;3550308
Cliente 290791;TRA8033;4125506
Cliente 290812;TRA8037;3509502
Cliente 290824;TRA8044;3501608
Cliente 290829;TRA8047;3518800
Cliente 290836;TRA8048;3530300
Cliente 290843;TRA8051;4115200
Cliente 290845;TRA8052;4118204
Cliente 290873;TRA8059;3552205
Cliente 290874;TRA8060;3530300
Cliente 290885;TRA8062;3550308
Cliente 290902;TRA8064;5002704
Cliente 290911;TRA8066;3541406
Cliente 290912;TRA8067;4107504
Cliente 290918;TRA8070;4125506
Cliente 290950;TRA8072;3518800
Cliente 290952;TRA8073;4113700
Cliente 290958;TRA8074;3531407
Cliente 290982;TRA8078;4111803
Cliente 291016;TRA8089;4110706
Cliente 291038;TRA8092;3539202
Cliente 291059;TRA8096;1721000
Cliente 291067;TRA8099;3518800
Cliente 291070;TRA8101;3106200
Cliente 291081;TRA8104;3518800
Cliente 291082;TRA8105;3552205
Cliente 291083;TRA8106;3523107
Cliente 291085;TRA8107;3503208
Cliente 291120;TRA8114;4111803
Cliente 291132;TRA8117;3550308
Cliente 291145;TRA8120;4100400
Cliente 291146;TRA8121;4108304
Cliente 291149;TRA8122;3545803
Cliente 291150;TRA8123;3538709
Cliente 291173;TRA8129;4101507
Cliente 291175;TRA8130;3500105
Cliente 291176;TRA8131;3517802
Cliente 291180;TRA8133;5008305
Cliente 291184;TRA8134;4120705
Cliente 291187;TRA8135;3550308
Cliente 291194;TRA8137;3538709
Cliente 291199;TRA8139;3530300
Cliente 291201;TRA8140;3510401
Cliente 291202;TRA8141;3525706
Cliente 291203;TRA8142;3525706
Cliente 291204;TRA8143;3524808
Cliente 291221;TRA8149;4119905
Cliente 291229;TRA8152;3557105
Cliente 291232;TRA8153;3550308
Cliente 291254;TRA8174;3550308
Cliente 291277;TRA8185;3506508
Cliente 291281;TRA8186;3543402
Cliente 291287;TRA8188;3529005
Cliente 291288;TRA8189;4125506
Cliente 291289;TRA8190;4125506
Cliente 291293;TRA8191;4106902
Cliente 291314;TRA8195;3525706
Cliente 291326;TRA8197;4110706
Cliente 291409;TRA8213;3510401
Cliente 291419;TRA8218;3536109
Cliente 291428;TRA8220;4106902
Cliente 291430;TRA8221;3509502
Cliente 291431;TRA8222;3509502
Cliente 291433;TRA8223;3541406
Cliente 291446;TRA8226;4104808
Cliente 291460;TRA8228;4106902
Cliente 291463;TRA8230;4109708
Cliente 291466;TRA8231;4101507
Cliente 291474;TRA8235;3534708
Cliente 291478;TRA8236;4107504
Cliente 291503;TRA8243;3518800
Cliente 291512;TRA8249;4115200
Cliente 291551;TRA8256;3550308
Cliente 291556;TRA8258;3518800
Cliente 291570;TRA8259;3530300
Cliente 291575;TRA8260;4115200
Cliente 291578;TRA8262;4104808
Cliente 291580;TRA8264;3501608
Cliente 291581;TRA8265;4106902
Cliente 291585;TRA8266;4108304
Cliente 291587;TRA8267;3521606
Cliente 291589;TRA8269;3550308
Cliente 291600;TRA8270;4127106
Cliente 291606;TRA8272;4106902
Cliente 291607;TRA8273;4119905
Cliente 291608;TRA8274;4119905
Cliente 291610;TRA8275;4117503
Cliente 291612;TRA8276;4109708
Cliente 291613;TRA8277;4109708
Cliente 291622;TRA8278;4104808
Cliente 291624;TRA8279;3550308
Cliente 291630;TRA8280;3550308
Cliente 291638;TRA8282;4108304
Cliente 291651;TRA8285;4104808
Cliente 291655;TRA8286;3549805
Cliente 291660;TRA8288;3557105
Cliente 291663;TRA8289;4108304
Cliente 291669;TRA8290;4108304
Cliente 291714;TRA8294;4106902
Cliente 291717;TRA8296;3552205
Cliente 291727;TRA8297;3513009
Cliente 291731;TRA8298;3556206
Cliente 291738;TRA8301;4117503
Cliente 291740;TRA8302;3506508
Cliente 291751;TRA8305;3550308
Cliente 291768;TRA8308;3508108
Cliente 291770;TRA8309;4117503
Cliente 291776;TRA8311;4115200
Cliente 291779;TRA8312;4125506
Cliente 291782;TRA8313;4115200
Cliente 291786;TRA8314;4104808
Cliente 291802;TRA8315;4108304
Cliente 291815;TRA8319;3550308
Cliente 291846;TRA8322;4105508
Cliente 291851;TRA8323;4125506
Cliente 291862;TRA8325;3515509
Cliente 291865;TRA8326;3530300
Cliente 291894;TRA8332;4119905
Cliente 291930;TRA8342;3555000
Cliente 291940;TRA8345;3548708
Cliente 291945;TRA8346;3548708
Cliente 291967;TRA8348;3550308
Cliente 292023;TRA8351;3523107
Cliente 292038;TRA8353;3549805
Cliente 292053;TRA8355;3551603
Cliente 292058;TRA8356;4108304
Cliente 292071;TRA8358;3507605
Cliente 292072;TRA8359;3549805
Cliente 292073;TRA8360;3524808
Cliente 292074;TRA8361;3523107
Cliente 292075;TRA8362;3523107
Cliente 292115;TRA8370;4119905
Cliente 292130;TRA8374;4104808
Cliente 292131;TRA8375;4125506
Cliente 292145;TRA8378;4106902
Cliente 292175;TRA8382;4119905
Cliente 292193;TRA8385;3535507
Cliente 292215;TRA8388;4106902
Cliente 292237;TRA8390;4108304
Cliente 292271;TRA8393;3505500
Cliente 292290;TRA8398;4125506
Cliente 292302;TRA8402;3550308
Cliente 292320;TRA8407;4125506
Cliente 292321;TRA8408;4125506
Cliente 292322;TRA8409;4125506
Cliente 292323;TRA8410;3549805
Cliente 292325;TRA8411;4125506
Cliente 292334;TRA8413;3554102
Cliente 292347;TRA8416;3522505
Cliente 292348;TRA8417;4117503
Cliente 292355;TRA8420;4114807
Cliente 292359;TRA8421;4106902
Cliente 292371;TRA8423;3549805
Cliente 292388;TRA8427;3510401
Cliente 292390;TRA8429;3550308
Cliente 292399;TRA8430;4100400
Cliente 292407;TRA8435;4106902
Cliente 292409;TRA8436;2927408
Cliente 292426;TRA8441;4118204
Cliente 292430;TRA8444;3540804
Cliente 292446;TRA8450;3548708
Cliente 292448;TRA8451;3549805
Cliente 292449;TRA8452;3549805
Cliente 292450;TRA8453;3549805
Cliente 292456;TRA8455;3518800
Cliente 292458;TRA8456;4113700
Cliente 292490;TRA8460;3550308
Cliente 292502;TRA8461;3504008
Cliente 292541;TRA8467;3524808
Cliente 292602;TRA8479;3522505
Cliente 292647;TRA8482;4128104
Cliente 292671;TRA8491;4101507
Cliente 292672;TRA8492;4105508
Cliente 292674;TRA8493;4107504
Cliente 292735;TRA8503;4113700
Cliente 292745;TRA8507;3549805
Cliente 292758;TRA8510;3506508
Cliente 292769;TRA8513;4127106
Cliente 292784;TRA8516;4125506
Cliente 292797;TRA8518;4121000
Cliente 292803;TRA8519;3550308
Cliente 292804;TRA8520;3523107
Cliente 292812;TRA8521;3552205
Cliente 292845;TRA8530;3518800
Cliente 292846;TRA8531;3518800
Cliente 292847;TRA8532;3550308
Cliente 292848;TRA8533;3525706
Cliente 292849;TRA8534;3541406
Cliente 292854;TRA8535;3526902
Cliente 292855;TRA8536;3522505
Cliente 292856;TRA8537;3526902
Cliente 292862;TRA8540;3543402
Cliente 292880;TRA8546;3522505
Cliente 292891;TRA8554;3548708
Cliente 292906;TRA8559;3503208
Cliente 292911;TRA8561;3519071
Cliente 292945;TRA8564;3524808
Cliente 292947;TRA8565;3549805
Cliente 292955;TRA8568;3550308
Cliente 292962;TRA8571;4125506
Cliente 293015;TRA8577;3555000
Cliente 293029;TRA8579;5208707
Cliente 293031;TRA8580;3550308
Cliente 293054;TRA8584;3550308
Cliente 293071;TRA8589;3550308
Cliente 293136;TRA8602;3518800
Cliente 293164;TRA8613;4106902
Cliente 293201;TRA8626;3501608
Cliente 293202;TRA8627;3529005
Cliente 293224;TRA8629;3512407
Cliente 293225;TRA8630;3548708
Cliente 293226;TRA8631;3548708
Cliente 293232;TRA8633;3512407
Cliente 293245;TRA8636;3503208
Cliente 293261;TRA8641;3523107
Cliente 293270;TRA8645;4113700
Cliente 293280;TRA8650;3506508
Cliente 293284;TRA8652;3550308
Cliente 293300;TRA8655;4116901
Cliente 293329;TRA8661;4106902
Cliente 293352;TRA8664;3518800
Cliente 293363;TRA8667;4105508
Cliente 293434;TRA8673;4106902
Cliente 293435;TRA8674;2800308
Cliente 293438;TRA8676;3523107
Cliente 293439;TRA8677;3550308
Cliente 293440;TRA8678;3523107
Cliente 293442;TRA8679;3523107
Cliente 293443;TRA8680;3523107
Cliente 293445;TRA8682;3503208
Cliente 293461;TRA8686;3522505
Cliente 293471;TRA8689;4106902
Cliente 293481;TRA8692;3513009
Cliente 293482;TRA8693;3523107
Cliente 293484;TRA8694;4119905
Cliente 293491;TRA8695;3513009
Cliente 293495;TRA8699;3555000
Cliente 293500;TRA8701;4116901
Cliente 293506;TRA8704;3550308
Cliente 293509;TRA8705;3530300
Cliente 293510;TRA8706;4107504
Cliente 293511;TRA8707;4107504
Cliente 293513;TRA8708;3550308
Cliente 293517;TRA8710;3510401
Cliente 293518;TRA8711;3510401
Cliente 293556;TRA8716;3546405
Cliente 293562;TRA8719;4119905
Cliente 293565;TRA8721;3546405
Cliente 293574;TRA8722;3503208
Cliente 293575;TRA8723;3523107
Cliente 293576;TRA8724;3529005
Cliente 293577;TRA8725;3553401
Cliente 293589;TRA8729;4106902
Cliente 293599;TRA8730;3553401
Cliente 293631;TRA8735;3506508
Cliente 293632;TRA8736;3529005
Cliente 293634;TRA8738;3524808
Cliente 293641;TRA8741;4115200
Cliente 293647;TRA8744;3548708
Cliente 293662;TRA8749;3524808
Cliente 293663;TRA8750;3524808
Cliente 293664;TRA8751;3524808
Cliente 293665;TRA8752;3550308
Cliente 293666;TRA8753;3518800
Cliente 293667;TRA8754;4106902
Cliente 293669;TRA8755;3511003
Cliente 293682;TRA8759;3554102
Cliente 293706;TRA8764;3548708
Cliente 293710;TRA8765;5205109
Cliente 293713;TRA8767;3507605
Cliente 293714;TRA8768;3550308
Cliente 293725;TRA8770;3512407
Cliente 293739;TRA8775;4122404
Cliente 293746;TRA8777;4108304
Cliente 293754;TRA8781;4103701
Cliente 293812;TRA8791;3506508
Cliente 293822;TRA8794;3524808
Cliente 293846;TRA8801;4108304
Cliente 293853;TRA8802;4119905
Cliente 293854;TRA8803;3509502
Cliente 293855;TRA8804;3553401
Cliente 293861;TRA8805;4106902
Cliente 293881;TRA8813;4128104
Cliente 293882;TRA8814;4115200
Cliente 293883;TRA8815;4112801
Cliente 293884;TRA8816;4116901
Cliente 293886;TRA8817;3541406
Cliente 293893;TRA8819;3502804
Cliente 293914;TRA8822;3550308
Cliente 293928;TRA8825;3545803
Cliente 293933;TRA8826;3543402
Cliente 293955;TRA8827;4106902
Cliente 293956;TRA8828;4104808
Cliente 294060;TRA8840;3510401
Cliente 294061;TRA8841;3525706
Cliente 294064;TRA8843;3527108
Cliente 294065;TRA8844;3548708
Cliente 294069;TRA8845;4120705
Cliente 294071;TRA8846;3513009
Cliente 294090;TRA8850;3524808
Cliente 294113;TRA8853;4108304
Cliente 294114;TRA8854;4108304
Cliente 294115;TRA8855;4108304
Cliente 294116;TRA8856;3506508
Cliente 294124;TRA8861;3541406
Cliente 294133;TRA8863;3550308
Cliente 294138;TRA8864;4109708
Cliente 294146;TRA8868;4106902
Cliente 294153;TRA8870;4118204
Cliente 294160;TRA8871;3541406
Cliente 294186;TRA8881;3553401
Cliente 294190;TRA8884;3556206
Cliente 294191;TRA8885;4115200
Cliente 294192;TRA8886;3533403
Cliente 294198;TRA8887;4119905
Cliente 294205;TRA8890;3504008
Cliente 294234;TRA8899;3521606
Cliente 294244;TRA8902;3550308
Cliente 294250;TRA8905;4106902
Cliente 294267;TRA8908;4128104
Cliente 294275;TRA8911;3507605
Cliente 294298;TRA8918;3553401
Cliente 294299;TRA8919;3537305
Cliente 294320;TRA8924;4208450
Cliente 294336;TRA8926;4111803
Cliente 294353;TRA8927;3518800
Cliente 294420;TRA8942;4112801
Cliente 294422;TRA8943;4106902
Cliente 294429;TRA8945;3538709
Cliente 294440;TRA8946;4108304
Cliente 294447;TRA8948;3557105
Cliente 294448;TRA8949;4101507
Cliente 294449;TRA8950;3511003
Cliente 294452;TRA8951;3518800
Cliente 294456;TRA8952;4105508
Cliente 294460;TRA8953;3516705
Cliente 294487;TRA8958;3521606
Cliente 294494;TRA8960;3515509
Cliente 294500;TRA8962;4104808
Cliente 294524;TRA8964;3550308
Cliente 294551;TRA8968;3555000
Cliente 294558;TRA8969;3549805
Cliente 294588;TRA8973;3524808
Cliente 294589;TRA8974;3523107
Cliente 294651;TRA8978;3521606
Cliente 294654;TRA8980;3549805
Cliente 294813;TRA8985;3550308
Cliente 294818;TRA8986;4116901
Cliente 294819;TRA8987;4101507
Cliente 294842;TRA8990;3550308
Cliente 294854;TRA8993;4115200
Cliente 294861;TRA8995;3549805
Cliente 294904;TRA8998;4123907
Cliente 294921;TRA9002;4106902
Cliente 294931;TRA9005;3507605
Cliente 294992;TRA9011;4113700
Cliente 295008;TRA9012;3534708
Cliente 295031;TRA9014;3527108
Cliente 295070;TRA9017;3511003
Cliente 295099;TRA9028;3507605
Cliente 295106;TRA9029;3532603
Cliente 295115;TRA9030;3533403
Cliente 295116;TRA9031;4115200
Cliente 295120;TRA9032;4108304
Cliente 295121;TRA9033;3549805
Cliente 295122;TRA9034;4108304
Cliente 295125;TRA9035;3534708
Cliente 295126;TRA9036;3513009
Cliente 295127;TRA9037;3522505
Cliente 295129;TRA9038;3541406
Cliente 295136;TRA9040;3545803
Cliente 295155;TRA9042;3539202
Cliente 295163;TRA9044;3506508
Cliente 295174;TRA9046;4114807
Cliente 295177;TRA9048;4101507
Cliente 295180;TRA9049;4122404
Cliente 295206;TRA9054;3507605
Cliente 295210;TRA9056;4119905
Cliente 295211;TRA9057;4119905
Cliente 295212;TRA9058;4108304
Cliente 295213;TRA9059;4125506
Cliente 295214;TRA9060;4111803
Cliente 295218;TRA9062;4106902
Cliente 295235;TRA9066;4124103
Cliente 295269;TRA9067;3550308
Cliente 295270;TRA9068;3534708
Cliente 295271;TRA9069;4106902
Cliente 295289;TRA9074;3542404
Cliente 295320;TRA9077;3556206
Cliente 295324;TRA9078;3554102
Cliente 295325;TRA9079;4111803
Cliente 295330;TRA9082;3537305
Cliente 295353;TRA9086;3539202
Cliente 295357;TRA9087;3550308
Cliente 295365;TRA9088;3543402
Cliente 295368;TRA9091;3503208
Cliente 295431;TRA9109;4117503
Cliente 295441;TRA9116;3550308
Cliente 295496;TRA9120;3526902
Cliente 295598;TRA9133;3529005
Cliente 295602;TRA9134;4127106
Cliente 295631;TRA9135;4127106
Cliente 295635;TRA9136;3533403
Cliente 295659;TRA9141;3520509
Cliente 295674;TRA9144;3520509
Cliente 295676;TRA9145;3550308
Cliente 295678;TRA9146;3516705
Cliente 295679;TRA9147;3516705
Cliente 295686;TRA9149;3538709
Cliente 295687;TRA9150;3538709
Cliente 295689;TRA9151;3548708
Cliente 295690;TRA9152;4113700
Cliente 295709;TRA9153;3533403
Cliente 295716;TRA9154;3535507
Cliente 295742;TRA9157;4106902
Cliente 295748;TRA9159;3513009
Cliente 295767;TRA9164;3518800
Cliente 295806;TRA9179;4104808
Cliente 295841;TRA9185;3526902
Cliente 295846;TRA9188;4107504
Cliente 295851;TRA9190;3523107
Cliente 295853;TRA9191;4125506
Cliente 295863;TRA9192;3541406
Cliente 295864;TRA9193;3522505
Cliente 295866;TRA9194;3531407
Cliente 295867;TRA9195;4118204
Cliente 295880;TRA9199;4102406
Cliente 295912;TRA9204;4124103
Cliente 295931;TRA9207;3550308
Cliente 295934;TRA9208;4106902
Cliente 295937;TRA9209;4112801
Cliente 295942;TRA9211;3527108
Cliente 295947;TRA9214;4101507
Cliente 295967;TRA9220;4106902
Cliente 295968;TRA9221;4106902
Cliente 295970;TRA9222;4104808
Cliente 296002;TRA9229;3520509
Cliente 296047;TRA9238;4125506
Cliente 296054;TRA9241;4106902
Cliente 296077;TRA9246;4100400
Cliente 296093;TRA9253;4100400
Cliente 296170;TRA9272;3549805
Cliente 296184;TRA9276;4103701
Cliente 296190;TRA9280;4104808
Cliente 296192;TRA9282;4120705
Cliente 296193;TRA9283;3550308
Cliente 296199;TRA9289;3541406
Cliente 296206;TRA9293;3515509
Cliente 296207;TRA9294;3552205
Cliente 296243;TRA9304;3551603
Cliente 296247;TRA9307;3556206
Cliente 296259;TRA9310;3509502
Cliente 296260;TRA9311;3550308
Cliente 296261;TRA9312;3509502
Cliente 296281;TRA9315;3538709
Cliente 296287;TRA9316;3539202
Cliente 296291;TRA9319;3518800
Cliente 296296;TRA9321;3525706
Cliente 296298;TRA9323;4110706
Cliente 296305;TRA9324;4124103
Cliente 296306;TRA9325;4102406
Cliente 296307;TRA9326;4108304
Cliente 296314;TRA9328;3550308
Cliente 296317;TRA9329;3504008
Cliente 296339;TRA9339;3506508
Cliente 296349;TRA9342;3521606
Cliente 296350;TRA9343;3527108
Cliente 296373;TRA9347;3541406
Cliente 296385;TRA9349;4101507
Cliente 296424;TRA9357;3509502
Cliente 296434;TRA9358;3539202
Cliente 296445;TRA9361;4101507
Cliente 296447;TRA9363;3525706
Cliente 296448;TRA9364;3550308
Cliente 296469;TRA9367;4105508
Cliente 296478;TRA9369;3506508
Cliente 296481;TRA9371;3535507
Cliente 296498;TRA9375;4128104
Cliente 296499;TRA9376;3504008
Cliente 296510;TRA9377;4104808
Cliente 296512;TRA9378;3541406
Cliente 296521;TRA9379;4106902
Cliente 296529;TRA9382;3513009
Cliente 296544;TRA9387;3514403
Cliente 296546;TRA9389;4106902
Cliente 296551;TRA9390;3531407
Cliente 296552;TRA9391;3549805
Cliente 296561;TRA9392;4106902
Cliente 296574;TRA9397;3541406
Cliente 296590;TRA9402;3511003
Cliente 296594;TRA9403;4108304
Cliente 296601;TRA9405;3501608
Cliente 296614;TRA9406;4121000
Cliente 296625;TRA9409;3509502
Cliente 296626;TRA9410;3534708
Cliente 296628;TRA9411;3509502
Cliente 296632;TRA9413;3509502
Cliente 296636;TRA9414;3515509
Cliente 296637;TRA9415;3536109
Cliente 296641;TRA9416;3505500
Cliente 296645;TRA9418;3550308
Cliente 296650;TRA9420;4210100
Cliente 296684;TRA9429;3550308
Cliente 296685;TRA9430;3527108
Cliente 296725;TRA9434;3518800
Cliente 296731;TRA9435;3523107
Cliente 296734;TRA9436;3539202
Cliente 296735;TRA9437;3530300
Cliente 296736;TRA9438;3518800
Cliente 296737;TRA9439;3518800
Cliente 296738;TRA9440;3518800
Cliente 296747;TRA9441;3550308
Cliente 296748;TRA9442;3547809
Cliente 296757;TRA9443;3541406
Cliente 296768;TRA9444;4101507
Cliente 296782;TRA9450;4119905
Cliente 296783;TRA9451;4119905
Cliente 296804;TRA9457;3525706
Cliente 296809;TRA9459;3509502
Cliente 296823;TRA9460;3557105
Cliente 296832;TRA9462;4105508
Cliente 296833;TRA9463;3541406
Cliente 296838;TRA9464;4118204
Cliente 296873;TRA9468;4125506
Cliente 296928;TRA9473;4106902
Cliente 296951;TRA9477;3549805
Cliente 296967;TRA9481;4112801
Cliente 297028;TRA9490;4104808
Cliente 29524941;TRA9505;4106902

Grupo:;Pequeno Porte;3978 clientes
Cliente 674;PEQ0012;3527108
Cliente 2001;PEQ0013;3538709
Cliente 2002;PEQ0014;3542404
Cliente 2003;PEQ0015;3541406
Cliente 2005;PEQ0016;3516705
Cliente 2014;PEQ0019;3531407
Cliente 2015;PEQ0020;3500105
Cliente 2020;PEQ0021;3520509
Cliente 2028;PEQ0024;3555000
Cliente 2032;PEQ0025;4104808
Cliente 2120;PEQ0050;4115200
Cliente 2144;PEQ0052;4105508
Cliente 2159;PEQ0053;3529005
Cliente 2169;PEQ0056;3505500
Cliente 2190;PEQ0058;3548708
Cliente 2202;PEQ0059;3500105
Cliente 2221;PEQ0060;3519071
Cliente 2268;PEQ0067;3553401
Cliente 2271;PEQ0069;3549805
Cliente 2282;PEQ0071;4118204
Cliente 2287;PEQ0073;3540804
Cliente 2290;PEQ0074;3520509
Cliente 2293;PEQ0075;4111803
Cliente 2294;PEQ0076;3517802
Cliente 2298;PEQ0077;3538709
Cliente 2301;PEQ0078;3536109
Cliente 2317;PEQ0082;4128104
Cliente 2323;PEQ0084;3529005
Cliente 2333;PEQ0086;3555000
Cliente 2341;PEQ0087;3514403
Cliente 2362;PEQ0089;4106902
Cliente 2369;PEQ0091;3506508
Cliente 2382;PEQ0094;3509502
Cliente 2384;PEQ0095;3545803
Cliente 2388;PEQ0096;4105508
Cliente 2429;PEQ0098;4118204
Cliente 2468;PEQ0099;3546405
Cliente 2479;PEQ0100;3541406
Cliente 2529;PEQ0103;3506508
Cliente 2537;PEQ0104;4118204
Cliente 2548;PEQ0105;3508108
Cliente 2563;PEQ0106;3552205
Cliente 2693;PEQ0116;3524808
Cliente 2721;PEQ0118;3541406
Cliente 2728;PEQ0119;3533403
Cliente 2742;PEQ0122;3545803
Cliente 2751;PEQ0123;4100400
Cliente 2774;PEQ0126;3511003
Cliente 2783;PEQ0128;3537305
Cliente 2792;PEQ0129;3503208
Cliente 2795;PEQ0130;3535507
Cliente 2796;PEQ0131;3502804
Cliente 2801;PEQ0133;3520509
Cliente 2819;PEQ0135;3525706
Cliente 2988;PEQ0142;3504008
Cliente 3009;PEQ0144;3506508
Cliente 3049;PEQ0147;3511003
Cliente 3050;PEQ0148;3511003
Cliente 3063;PEQ0149;3533403
Cliente 3092;PEQ0151;4208450
Cliente 3097;PEQ0153;3538709
Cliente 3111;PEQ0154;3502804
Cliente 3143;PEQ0156;4117503
Cliente 3146;PEQ0157;3515509
Cliente 3169;PEQ0159;4109708
Cliente 3202;PEQ0161;3517802
Cliente 3239;PEQ0163;3538709
Cliente 3254;PEQ0164;4122404
Cliente 3267;PEQ0166;3557105
Cliente 3269;PEQ0167;4118204
Cliente 3302;PEQ0169;4109708
Cliente 3324;PEQ0171;3520509
Cliente 3343;PEQ0173;4125506
Cliente 3370;PEQ0175;3522505
Cliente 3380;PEQ0176;3519071
Cliente 3391;PEQ0177;3556206
Cliente 3392;PEQ0178;3500105
Cliente 3400;PEQ0180;3515509
Cliente 3404;PEQ0181;4101507
Cliente 3422;PEQ0186;3538709
Cliente 3434;PEQ0187;3541406
Cliente 3445;PEQ0188;3555000
Cliente 3453;PEQ0191;3508108
Cliente 3527;PEQ0196;3529005
Cliente 3563;PEQ0210;3541406
Cliente 3634;PEQ0212;3557105
Cliente 3635;PEQ0213;3557105
Cliente 3636;PEQ0214;3557105
Cliente 3637;PEQ0215;3557105
Cliente 3661;PEQ0219;3510401
Cliente 3710;PEQ0220;3535507
Cliente 3716;PEQ0221;3509502
Cliente 3758;PEQ0224;3541406
Cliente 3778;PEQ0231;3535507
Cliente 3789;PEQ0232;3529005
Cliente 3795;PEQ0233;4101507
Cliente 3817;PEQ0234;3557105
Cliente 3829;PEQ0235;3548708
Cliente 3835;PEQ0236;4107504
Cliente 3843;PEQ0237;3514403
Cliente 3901;PEQ0239;4109708
Cliente 3902;PEQ0240;4109708
Cliente 3918;PEQ0241;3541406
Cliente 3929;PEQ0242;3509502
Cliente 3945;PEQ0243;4118204
Cliente 3947;PEQ0245;4118204
Cliente 3948;PEQ0246;4118204
Cliente 3950;PEQ0247;3541406
Cliente 3952;PEQ0248;3537305
Cliente 3957;PEQ0249;4109708
Cliente 3972;PEQ0250;3526902
Cliente 4040;PEQ0252;3529005
Cliente 4046;PEQ0253;4118204
Cliente 4055;PEQ0254;3534708
Cliente 4068;PEQ0256;3556206
Cliente 4080;PEQ0257;3514403
Cliente 4094;PEQ0258;3508108
Cliente 4106;PEQ0260;3545803
Cliente 4170;PEQ0263;3517802
Cliente 4214;PEQ0267;3549805
Cliente 4224;PEQ0269;4110706
Cliente 4225;PEQ0270;3553401
Cliente 4295;PEQ0275;3542404
Cliente 4372;PEQ0282;3516705
Cliente 4384;PEQ0284;3554102
Cliente 4414;PEQ0288;3508108
Cliente 4448;PEQ0292;3529005
Cliente 4455;PEQ0293;3551603
Cliente 4460;PEQ0294;3516705
Cliente 4484;PEQ0296;3501608
Cliente 4502;PEQ0297;4105508
Cliente 4529;PEQ0300;4101507
Cliente 4565;PEQ0304;3525706
Cliente 4566;PEQ0305;3553401
Cliente 4577;PEQ0307;3505500
Cliente 4707;PEQ0310;3510401
Cliente 4731;PEQ0312;3552205
Cliente 4789;PEQ0314;3541406
Cliente 4832;PEQ0315;3553401
Cliente 4835;PEQ0316;4115200
Cliente 4852;PEQ0317;4127106
Cliente 4910;PEQ0319;4102406
Cliente 4915;PEQ0320;4118204
Cliente 4939;PEQ0321;3537305
Cliente 4987;PEQ0326;4104808
Cliente 5013;PEQ0327;3515509
Cliente 5031;PEQ0330;4106902
Cliente 5037;PEQ0331;3537305
Cliente 5050;PEQ0332;3502804
Cliente 5099;PEQ0336;3506508
Cliente 5116;PEQ0337;4103701
Cliente 5131;PEQ0343;3541406
Cliente 5137;PEQ0345;3543402
Cliente 5159;PEQ0346;3508108
Cliente 5183;PEQ0348;3528106
Cliente 5189;PEQ0349;3504008
Cliente 5196;PEQ0352;3531407
Cliente 5236;PEQ0354;3546405
Cliente 5256;PEQ0355;3529005
Cliente 5320;PEQ0361;4111803
Cliente 5349;PEQ0362;3541406
Cliente 5369;PEQ0366;3533403
Cliente 5370;PEQ0367;4127106
Cliente 5443;PEQ0369;3541406
Cliente 5449;PEQ0372;3555000
Cliente 5478;PEQ0374;3529005
Cliente 5530;PEQ0377;4109708
Cliente 5549;PEQ0379;3546405
Cliente 5573;PEQ0380;3537305
Cliente 5577;PEQ0381;3552205
Cliente 5632;PEQ0386;4119905
Cliente 5651;PEQ0388;3514403
Cliente 5658;PEQ0389;3542404
Cliente 5709;PEQ0394;3538709
Cliente 5760;PEQ0398;3523107
Cliente 5762;PEQ0399;3532603
Cliente 5775;PEQ0401;3541406
Cliente 5787;PEQ0402;4125506
Cliente 5791;PEQ0404;3539202
Cliente 5794;PEQ0405;3520509
Cliente 5797;PEQ0406;3501608
Cliente 5807;PEQ0407;3520509
Cliente 5861;PEQ0413;3522505
Cliente 5940;PEQ0417;3501608
Cliente 6017;PEQ0424;3552205
Cliente 6023;PEQ0426;4106902
Cliente 6043;PEQ0427;4117503
Cliente 6054;PEQ0428;3504008
Cliente 6069;PEQ0430;3539202
Cliente 6086;PEQ0431;3549805
Cliente 6090;PEQ0432;3521606
Cliente 6096;PEQ0433;4123907
Cliente 6099;PEQ0434;3528106
Cliente 6135;PEQ0440;3534708
Cliente 6144;PEQ0441;3549805
Cliente 6148;PEQ0442;3525706
Cliente 6151;PEQ0443;4109708
Cliente 6157;PEQ0444;4111803
Cliente 6160;PEQ0445;3543402
Cliente 6172;PEQ0449;3541406
Cliente 6186;PEQ0450;3504008
Cliente 6241;PEQ0455;3527108
Cliente 6247;PEQ0456;3529005
Cliente 6249;PEQ0457;3550308
Cliente 6343;PEQ0460;3523107
Cliente 6467;PEQ0466;3541406
Cliente 6469;PEQ0467;4116901
Cliente 6517;PEQ0472;3530300
Cliente 6560;PEQ0477;3537305
Cliente 6592;PEQ0478;4101507
Cliente 6600;PEQ0479;3529005
Cliente 6608;PEQ0480;3536109
Cliente 6637;PEQ0481;3502804
Cliente 6681;PEQ0483;3538709
Cliente 6685;PEQ0484;3524808
Cliente 6780;PEQ0489;3537305
Cliente 6877;PEQ0497;3529005
Cliente 6884;PEQ0498;4117503
Cliente 6931;PEQ0500;3542404
Cliente 6933;PEQ0502;3526902
Cliente 6958;PEQ0504;3502804
Cliente 6972;PEQ0505;3541406
Cliente 6988;PEQ0506;3543402
Cliente 6990;PEQ0507;3527108
Cliente 7037;PEQ0509;3549805
Cliente 7068;PEQ0511;3506508
Cliente 7091;PEQ0512;4108304
Cliente 7103;PEQ0514;3520509
Cliente 7119;PEQ0516;4102406
Cliente 7135;PEQ0518;4110706
Cliente 7161;PEQ0519;4123907
Cliente 7274;PEQ0528;3537305
Cliente 7332;PEQ0530;3529005
Cliente 7341;PEQ0532;4125506
Cliente 7381;PEQ0533;3525706
Cliente 7417;PEQ0537;3505500
Cliente 7445;PEQ0542;3519071
Cliente 7483;PEQ0545;3538709
Cliente 7505;PEQ0549;3529005
Cliente 7512;PEQ0550;3532603
Cliente 7514;PEQ0551;4120705
Cliente 7523;PEQ0553;3504008
Cliente 7550;PEQ0557;3517802
Cliente 7555;PEQ0558;4128104
Cliente 7562;PEQ0559;3549805
Cliente 7573;PEQ0560;3514403
Cliente 7588;PEQ0561;3501608
Cliente 7627;PEQ0562;3553401
Cliente 7631;PEQ0563;4125506
Cliente 7637;PEQ0564;3546405
Cliente 7667;PEQ0566;3530300
Cliente 7718;PEQ0569;4106902
Cliente 7834;PEQ0574;3541406
Cliente 7869;PEQ0575;3506508
Cliente 7880;PEQ0576;3530300
Cliente 7935;PEQ0580;4127106
Cliente 7984;PEQ0587;3534708
Cliente 7994;PEQ0588;3535507
Cliente 8020;PEQ0592;3507605
Cliente 8036;PEQ0593;4106902
Cliente 8047;PEQ0594;3546405
Cliente 8108;PEQ0603;3538709
Cliente 8117;PEQ0605;4115200
Cliente 8129;PEQ0606;3529005
Cliente 8132;PEQ0607;4103701
Cliente 8153;PEQ0609;3538709
Cliente 8165;PEQ0612;3542404
Cliente 8169;PEQ0613;3505500
Cliente 8177;PEQ0614;3501608
Cliente 8206;PEQ0617;3530300
Cliente 8207;PEQ0618;3506508
Cliente 8217;PEQ0619;3549805
Cliente 8221;PEQ0620;3504008
Cliente 8222;PEQ0621;3504008
Cliente 8243;PEQ0623;3506508
Cliente 8273;PEQ0627;3541406
Cliente 8277;PEQ0628;3538709
Cliente 8290;PEQ0631;3522505
Cliente 8337;PEQ0636;3304557
Cliente 8350;PEQ0639;3518800
Cliente 8353;PEQ0641;3514403
Cliente 8376;PEQ0643;3543402
Cliente 8394;PEQ0644;3531407
Cliente 8447;PEQ0646;3534708
Cliente 8460;PEQ0647;3500105
Cliente 8500;PEQ0654;4112801
Cliente 8545;PEQ0657;4106902
Cliente 8549;PEQ0658;3511003
Cliente 8553;PEQ0659;4111803
Cliente 8565;PEQ0661;3537305
Cliente 8673;PEQ0665;3534708
Cliente 8737;PEQ0667;4117503
Cliente 8749;PEQ0668;3506508
Cliente 8770;PEQ0671;3538709
Cliente 8792;PEQ0672;3537305
Cliente 8843;PEQ0673;4106902
Cliente 8859;PEQ0674;4118204
Cliente 8925;PEQ0678;4121000
Cliente 9005;PEQ0682;3556206
Cliente 9028;PEQ0686;3555000
Cliente 9044;PEQ0687;4118204
Cliente 9155;PEQ0691;4109708
Cliente 9167;PEQ0692;3525706
Cliente 9205;PEQ0693;3546405
Cliente 9206;PEQ0694;3525706
Cliente 9210;PEQ0695;4104808
Cliente 9221;PEQ0697;3541406
Cliente 9241;PEQ0700;3541406
Cliente 9243;PEQ0701;3520509
Cliente 9249;PEQ0702;3517802
Cliente 9330;PEQ0706;4122404
Cliente 9348;PEQ0707;3506508
Cliente 9353;PEQ0708;3505500
Cliente 9376;PEQ0710;3541406
Cliente 9397;PEQ0712;3511003
Cliente 9407;PEQ0714;3516705
Cliente 9435;PEQ0719;4115200
Cliente 9451;PEQ0720;3541406
Cliente 9496;PEQ0722;3553401
Cliente 9504;PEQ0723;3550308
Cliente 9512;PEQ0725;3521606
Cliente 9517;PEQ0726;3544608
Cliente 9525;PEQ0727;3508108
Cliente 9547;PEQ0728;4124103
Cliente 9597;PEQ0733;3541406
Cliente 9632;PEQ0736;4124103
Cliente 9634;PEQ0738;4119905
Cliente 9655;PEQ0739;3536109
Cliente 9660;PEQ0740;3533403
Cliente 9662;PEQ0741;3519071
Cliente 9699;PEQ0743;3503208
Cliente 9716;PEQ0744;3547809
Cliente 9736;PEQ0747;3511003
Cliente 9741;PEQ0748;3541406
Cliente 9757;PEQ0752;3504008
Cliente 9758;PEQ0753;3541406
Cliente 9772;PEQ0754;3541406
Cliente 9778;PEQ0756;3506508
Cliente 9817;PEQ0758;4124103
Cliente 9826;PEQ0759;3556206
Cliente 9862;PEQ0761;3525706
Cliente 9863;PEQ0762;3549805
Cliente 9871;PEQ0764;3550308
Cliente 9916;PEQ0765;3538709
Cliente 9922;PEQ0767;3515509
Cliente 9930;PEQ0768;3502804
Cliente 9967;PEQ0770;3505500
Cliente 9969;PEQ0771;4109708
Cliente 10027;PEQ0774;3546405
Cliente 10032;PEQ0776;3502804
Cliente 10060;PEQ0778;4104808
Cliente 10101;PEQ0780;4103701
Cliente 10115;PEQ0783;3519071
Cliente 10135;PEQ0786;4103701
Cliente 10136;PEQ0787;3534708
Cliente 10153;PEQ0788;3502804
Cliente 10175;PEQ0790;3506508
Cliente 10195;PEQ0794;4111803
Cliente 10224;PEQ0796;3540804
Cliente 10229;PEQ0797;3541406
Cliente 10245;PEQ0798;3506508
Cliente 10247;PEQ0799;3519071
Cliente 10264;PEQ0800;4103701
Cliente 10275;PEQ0801;4106902
Cliente 10282;PEQ0804;3547809
Cliente 10318;PEQ0806;3555000
Cliente 10334;PEQ0808;3554102
Cliente 10335;PEQ0809;3519071
Cliente 10376;PEQ0811;3541406
Cliente 10406;PEQ0815;3529005
Cliente 10443;PEQ0817;3541406
Cliente 10465;PEQ0820;3553401
Cliente 10483;PEQ0821;3520509
Cliente 10488;PEQ0822;3536109
Cliente 10498;PEQ0823;4128104
Cliente 10504;PEQ0825;3504008
Cliente 10558;PEQ0828;3529005
Cliente 10573;PEQ0830;3526902
Cliente 10585;PEQ0832;3534708
Cliente 10586;PEQ0833;3521606
Cliente 10587;PEQ0834;3516705
Cliente 10596;PEQ0835;3541406
Cliente 10608;PEQ0836;3529005
Cliente 10622;PEQ0837;4105508
Cliente 10675;PEQ0842;3501608
Cliente 10685;PEQ0844;3504008
Cliente 10711;PEQ0846;3517802
Cliente 10718;PEQ0849;3513009
Cliente 10737;PEQ0852;3550308
Cliente 10782;PEQ0855;3507605
Cliente 10790;PEQ0856;3541406
Cliente 10792;PEQ0857;3526902
Cliente 10843;PEQ0862;3534708
Cliente 10873;PEQ0863;3518800
Cliente 10879;PEQ0864;3508108
Cliente 10954;PEQ0866;3538709
Cliente 10962;PEQ0869;3536109
Cliente 10965;PEQ0870;3514403
Cliente 11000;PEQ0871;4121000
Cliente 11041;PEQ0873;4111803
Cliente 11044;PEQ0874;3550308
Cliente 11060;PEQ0875;3506508
Cliente 11079;PEQ0877;4104808
Cliente 11106;PEQ0878;3541406
Cliente 11107;PEQ0879;4103701
Cliente 11145;PEQ0881;4107504
Cliente 11164;PEQ0884;3504008
Cliente 11166;PEQ0885;4119905
Cliente 11194;PEQ0888;4124103
Cliente 11200;PEQ0889;4115200
Cliente 11217;PEQ0892;3530300
Cliente 11260;PEQ0894;3534708
Cliente 11265;PEQ0895;3541406
Cliente 11270;PEQ0897;3539202
Cliente 11292;PEQ0902;3541406
Cliente 11317;PEQ0905;3557105
Cliente 11410;PEQ0908;3549805
Cliente 11420;PEQ0910;3526902
Cliente 11433;PEQ0911;3527108
Cliente 11694;PEQ0948;3546405
Cliente 11741;PEQ0952;3500105
Cliente 11745;PEQ0953;3502804
Cliente 11760;PEQ0954;3540804
Cliente 11765;PEQ0955;3526902
Cliente 11769;PEQ0956;4114807
Cliente 11803;PEQ0958;3537305
Cliente 11805;PEQ0959;3541406
Cliente 11818;PEQ0960;3534708
Cliente 11891;PEQ0965;3520509
Cliente 11892;PEQ0966;3520509
Cliente 11893;PEQ0967;3520509
Cliente 11903;PEQ0968;3526902
Cliente 11909;PEQ0969;4121000
Cliente 11996;PEQ0973;3528106
Cliente 12030;PEQ0977;3529005
Cliente 12057;PEQ0979;3529005
Cliente 12068;PEQ0980;3541406
Cliente 12090;PEQ0982;3552205
Cliente 12104;PEQ0984;3541406
Cliente 12119;PEQ0985;4115200
Cliente 12123;PEQ0986;3527108
Cliente 12142;PEQ0988;3505500
Cliente 12166;PEQ0989;3529005
Cliente 12286;PEQ0992;4128104
Cliente 12288;PEQ0993;3520509
Cliente 12380;PEQ1003;4125506
Cliente 12405;PEQ1004;3529005
Cliente 12468;PEQ1006;3543402
Cliente 12484;PEQ1009;3506508
Cliente 12485;PEQ1010;3508108
Cliente 12499;PEQ1011;3529005
Cliente 12527;PEQ1012;4106902
Cliente 12539;PEQ1013;4101507
Cliente 12541;PEQ1014;4100400
Cliente 12554;PEQ1015;3502804
Cliente 12572;PEQ1016;3524808
Cliente 12576;PEQ1017;3524808
Cliente 12619;PEQ1024;3525706
Cliente 12673;PEQ1028;3552205
Cliente 12696;PEQ1029;3541406
Cliente 12719;PEQ1034;3541406
Cliente 12755;PEQ1039;3530300
Cliente 12761;PEQ1040;3529005
Cliente 12804;PEQ1043;4105508
Cliente 12843;PEQ1045;3551603
Cliente 12908;PEQ1050;3545803
Cliente 12918;PEQ1052;3509502
Cliente 12930;PEQ1054;4104808
Cliente 12972;PEQ1057;3546405
Cliente 12974;PEQ1058;3504008
Cliente 12989;PEQ1060;3525706
Cliente 13012;PEQ1061;3515509
Cliente 13044;PEQ1063;3509502
Cliente 13058;PEQ1064;3509502
Cliente 13159;PEQ1070;4102406
Cliente 13220;PEQ1075;3534708
Cliente 13271;PEQ1076;3542404
Cliente 13275;PEQ1078;3546405
Cliente 13308;PEQ1080;3524808
Cliente 13336;PEQ1081;4101507
Cliente 13338;PEQ1083;3542404
Cliente 13377;PEQ1085;3537305
Cliente 13379;PEQ1086;3516705
Cliente 13398;PEQ1090;3549805
Cliente 13416;PEQ1094;3502804
Cliente 13446;PEQ1096;3555000
Cliente 13482;PEQ1097;3501608
Cliente 13484;PEQ1098;4104808
Cliente 13498;PEQ1100;4118204
Cliente 13502;PEQ1101;3500105
Cliente 13522;PEQ1103;3525706
Cliente 13528;PEQ1104;3500105
Cliente 13569;PEQ1106;3514403
Cliente 13588;PEQ1110;3534708
Cliente 13615;PEQ1114;4108304
Cliente 13625;PEQ1115;3540804
Cliente 13688;PEQ1126;3516705
Cliente 13722;PEQ1129;3504008
Cliente 13731;PEQ1130;3541406
Cliente 13735;PEQ1131;3501608
Cliente 13770;PEQ1132;3511003
Cliente 13780;PEQ1133;3542404
Cliente 13918;PEQ1141;3501608
Cliente 13935;PEQ1142;4102406
Cliente 13940;PEQ1144;3553401
Cliente 13947;PEQ1146;4101507
Cliente 13991;PEQ1151;3529005
Cliente 14006;PEQ1152;3511003
Cliente 14018;PEQ1153;3304557
Cliente 14102;PEQ1155;3549805
Cliente 14111;PEQ1156;3534708
Cliente 14130;PEQ1158;3524808
Cliente 14140;PEQ1159;3552205
Cliente 14146;PEQ1160;4101507
Cliente 14171;PEQ1161;4114807
Cliente 14215;PEQ1163;3545803
Cliente 14225;PEQ1165;3527108
Cliente 14248;PEQ1167;4115200
Cliente 14309;PEQ1174;3519071
Cliente 14362;PEQ1177;4101507
Cliente 14393;PEQ1178;3548708
Cliente 14545;PEQ1187;3503208
Cliente 14548;PEQ1188;3505500
Cliente 14568;PEQ1191;4128104
Cliente 14609;PEQ1194;3510401
Cliente 14661;PEQ1198;3515509
Cliente 14680;PEQ1199;3522505
Cliente 14695;PEQ1200;3531407
Cliente 14717;PEQ1202;4118204
Cliente 14730;PEQ1203;4107504
Cliente 14737;PEQ1204;3556206
Cliente 14738;PEQ1205;3556206
Cliente 14755;PEQ1206;3527108
Cliente 14796;PEQ1207;3545803
Cliente 14830;PEQ1210;4115200
Cliente 14890;PEQ1211;3515509
Cliente 14996;PEQ1218;3522505
Cliente 15003;PEQ1219;3506508
Cliente 15132;PEQ1221;3501608
Cliente 15144;PEQ1222;3514403
Cliente 15167;PEQ1223;4104808
Cliente 15178;PEQ1224;3526902
Cliente 15194;PEQ1225;4111803
Cliente 15224;PEQ1228;4107504
Cliente 15270;PEQ1230;4118204
Cliente 15290;PEQ1232;3504008
Cliente 15300;PEQ1233;3537305
Cliente 15306;PEQ1234;3511003
Cliente 15322;PEQ1237;4112801
Cliente 15325;PEQ1238;4100400
Cliente 15326;PEQ1239;3527108
Cliente 15368;PEQ1242;3538709
Cliente 15456;PEQ1246;3541406
Cliente 15500;PEQ1247;3511003
Cliente 15546;PEQ1248;3546405
Cliente 15577;PEQ1250;3501608
Cliente 15609;PEQ1252;3529005
Cliente 15628;PEQ1254;4106902
Cliente 15641;PEQ1257;3556206
Cliente 15720;PEQ1259;3504008
Cliente 15733;PEQ1260;3545803
Cliente 15839;PEQ1264;3544608
Cliente 15847;PEQ1265;4101507
Cliente 15871;PEQ1267;4125506
Cliente 15955;PEQ1271;4120705
Cliente 15959;PEQ1272;4121000
Cliente 15995;PEQ1274;3543402
Cliente 16012;PEQ1275;4100400
Cliente 16058;PEQ1278;3535507
Cliente 16066;PEQ1280;3541406
Cliente 16096;PEQ1281;3503208
Cliente 16115;PEQ1282;3517802
Cliente 16160;PEQ1283;3514403
Cliente 16161;PEQ1284;3534708
Cliente 16164;PEQ1285;4109708
Cliente 16184;PEQ1287;3508108
Cliente 16205;PEQ1288;4106902
Cliente 16206;PEQ1289;4125506
Cliente 16249;PEQ1292;3514403
Cliente 16250;PEQ1293;3541406
Cliente 16265;PEQ1295;3529005
Cliente 16274;PEQ1296;3534708
Cliente 16275;PEQ1297;3546405
Cliente 16345;PEQ1301;4124103
Cliente 16379;PEQ1304;4101507
Cliente 16398;PEQ1307;3535507
Cliente 16403;PEQ1308;4111803
Cliente 16411;PEQ1309;4118204
Cliente 16424;PEQ1311;3502804
Cliente 16464;PEQ1312;3526902
Cliente 16516;PEQ1313;3127107
Cliente 16548;PEQ1314;3515509
Cliente 16590;PEQ1317;4106902
Cliente 16597;PEQ1318;4103701
Cliente 16659;PEQ1320;3532603
Cliente 16667;PEQ1321;3510401
Cliente 16686;PEQ1322;3537305
Cliente 16765;PEQ1324;4102406
Cliente 16790;PEQ1326;4111803
Cliente 16802;PEQ1327;4112801
Cliente 16814;PEQ1329;3541406
Cliente 16818;PEQ1330;3524808
Cliente 16832;PEQ1332;3528106
Cliente 16839;PEQ1335;3502804
Cliente 16840;PEQ1336;3518800
Cliente 16848;PEQ1337;4115200
Cliente 16922;PEQ1340;3550308
Cliente 16945;PEQ1341;3501608
Cliente 16958;PEQ1343;3506508
Cliente 16985;PEQ1345;3506508
Cliente 17006;PEQ1347;3520509
Cliente 17012;PEQ1348;3502804
Cliente 17045;PEQ1350;3502804
Cliente 17118;PEQ1352;3541406
Cliente 17146;PEQ1353;3509502
Cliente 17167;PEQ1356;3553401
Cliente 17182;PEQ1357;3541406
Cliente 17257;PEQ1361;4102406
Cliente 17328;PEQ1367;4115200
Cliente 17350;PEQ1368;3543402
Cliente 17366;PEQ1369;4106902
Cliente 17396;PEQ1372;3549805
Cliente 17430;PEQ1373;3505500
Cliente 17532;PEQ1375;3556206
Cliente 17678;PEQ1378;4107504
Cliente 17685;PEQ1379;3502804
Cliente 17689;PEQ1380;3501608
Cliente 17699;PEQ1381;3534708
Cliente 17761;PEQ1383;3536109
Cliente 17850;PEQ1389;3510401
Cliente 17892;PEQ1392;3541406
Cliente 17953;PEQ1393;4118204
Cliente 17957;PEQ1394;3549805
Cliente 17979;PEQ1395;3530300
Cliente 17988;PEQ1396;3542404
Cliente 18050;PEQ1398;4104808
Cliente 18098;PEQ1401;3516705
Cliente 18108;PEQ1402;3541406
Cliente 18109;PEQ1403;3516705
Cliente 18173;PEQ1407;3540804
Cliente 18252;PEQ1412;4105508
Cliente 18389;PEQ1416;3554102
Cliente 18431;PEQ1418;3500105
Cliente 18467;PEQ1420;3545803
Cliente 18501;PEQ1424;4103701
Cliente 18669;PEQ1431;4117503
Cliente 18683;PEQ1432;3511003
Cliente 18685;PEQ1433;3515509
Cliente 18686;PEQ1434;3541406
Cliente 18695;PEQ1436;3541406
Cliente 18705;PEQ1438;3520509
Cliente 18713;PEQ1439;3537305
Cliente 18730;PEQ1440;3510401
Cliente 18744;PEQ1441;3556206
Cliente 18792;PEQ1442;3538709
Cliente 18823;PEQ1445;3506508
Cliente 18827;PEQ1447;3543402
Cliente 18879;PEQ1449;3510401
Cliente 18880;PEQ1450;3510401
Cliente 18893;PEQ1451;4101507
Cliente 18962;PEQ1454;4105508
Cliente 19003;PEQ1457;4117503
Cliente 19037;PEQ1458;4106902
Cliente 19167;PEQ1462;3543402
Cliente 19200;PEQ1465;3530300
Cliente 19270;PEQ1467;3500105
Cliente 19385;PEQ1470;3507605
Cliente 19440;PEQ1471;3555000
Cliente 19448;PEQ1472;3526902
Cliente 19562;PEQ1475;3509502
Cliente 19566;PEQ1476;3543402
Cliente 19576;PEQ1477;3532603
Cliente 19610;PEQ1478;3518800
Cliente 19621;PEQ1481;4109708
Cliente 19681;PEQ1482;3532603
Cliente 19714;PEQ1484;3543402
Cliente 19716;PEQ1485;3550308
Cliente 19720;PEQ1486;4103701
Cliente 19797;PEQ1489;3548708
Cliente 19864;PEQ1493;3502804
Cliente 19887;PEQ1494;3523107
Cliente 19910;PEQ1496;3529005
Cliente 19961;PEQ1499;3515509
Cliente 19973;PEQ1500;3553401
Cliente 20009;PEQ1501;3538709
Cliente 20020;PEQ1503;3534708
Cliente 20092;PEQ1504;4115200
Cliente 20106;PEQ1506;4102406
Cliente 20141;PEQ1507;3532603
Cliente 20154;PEQ1508;3550308
Cliente 20171;PEQ1509;3515509
Cliente 20186;PEQ1511;3538709
Cliente 20206;PEQ1512;3533403
Cliente 20209;PEQ1513;3535507
Cliente 20229;PEQ1514;3541406
Cliente 20234;PEQ1515;3537305
Cliente 20335;PEQ1517;3534708
Cliente 20375;PEQ1522;3511003
Cliente 20773;PEQ1524;3127107
Cliente 20774;PEQ1525;3127107
Cliente 20775;PEQ1526;3127107
Cliente 20776;PEQ1527;3127107
Cliente 22817;PEQ1536;3304557
Cliente 22981;PEQ1539;3549805
Cliente 22982;PEQ1540;3522505
Cliente 22986;PEQ1541;3550308
Cliente 22992;PEQ1542;3500105
Cliente 23375;PEQ1549;3500105
Cliente 23397;PEQ1567;3531407
Cliente 23398;PEQ1568;3525706
Cliente 23405;PEQ1570;3504008
Cliente 23408;PEQ1571;3501608
Cliente 23409;PEQ1572;3501608
Cliente 23413;PEQ1573;3502804
Cliente 23428;PEQ1578;3544608
Cliente 23443;PEQ1583;3524808
Cliente 23476;PEQ1606;3529005
Cliente 23483;PEQ1609;3543402
Cliente 23485;PEQ1610;3509502
Cliente 23487;PEQ1611;3543402
Cliente 23489;PEQ1612;3501608
Cliente 23492;PEQ1613;3514403
Cliente 23493;PEQ1614;3507605
Cliente 23494;PEQ1615;3507605
Cliente 23495;PEQ1616;3507605
Cliente 23496;PEQ1617;3507605
Cliente 23499;PEQ1618;3505500
Cliente 23512;PEQ1620;3543402
Cliente 23522;PEQ1622;3517802
Cliente 23531;PEQ1625;3520509
Cliente 23532;PEQ1626;3542404
Cliente 23542;PEQ1629;3506508
Cliente 23546;PEQ1631;3541406
Cliente 23688;PEQ1701;3536109
Cliente 23689;PEQ1702;3519071
Cliente 23692;PEQ1705;3552205
Cliente 23737;PEQ1724;3553401
Cliente 23742;PEQ1727;3529005
Cliente 23743;PEQ1728;3555000
Cliente 23744;PEQ1729;3555000
Cliente 23766;PEQ1738;3532603
Cliente 23768;PEQ1739;3531407
Cliente 23770;PEQ1741;3500105
Cliente 23772;PEQ1742;3541406
Cliente 23775;PEQ1743;3544608
Cliente 23776;PEQ1744;3531407
Cliente 23780;PEQ1745;3529005
Cliente 23783;PEQ1747;3509502
Cliente 23790;PEQ1750;3540804
Cliente 23791;PEQ1751;3510401
Cliente 23792;PEQ1752;3510401
Cliente 23795;PEQ1753;3515509
Cliente 23805;PEQ1756;3521606
Cliente 23808;PEQ1757;3512407
Cliente 23927;PEQ1787;3511003
Cliente 23935;PEQ1789;3514403
Cliente 23936;PEQ1790;3534708
Cliente 23941;PEQ1791;3514403
Cliente 23945;PEQ1794;3511003
Cliente 23946;PEQ1795;3514403
Cliente 23947;PEQ1796;3550308
Cliente 23948;PEQ1797;3500105
Cliente 23949;PEQ1798;3529005
Cliente 23965;PEQ1805;3553401
Cliente 23967;PEQ1806;3501608
Cliente 23970;PEQ1809;3554102
Cliente 23972;PEQ1810;3507605
Cliente 23973;PEQ1811;3537305
Cliente 23974;PEQ1812;3523107
Cliente 23976;PEQ1813;3555000
Cliente 23980;PEQ1816;3506508
Cliente 23986;PEQ1817;3514403
Cliente 23987;PEQ1818;3503208
Cliente 24009;PEQ1820;3501608
Cliente 24021;PEQ1823;3534708
Cliente 24022;PEQ1824;3538709
Cliente 24026;PEQ1825;3519071
Cliente 24028;PEQ1826;3519071
Cliente 24036;PEQ1830;3520509
Cliente 24052;PEQ1839;3515509
Cliente 24057;PEQ1840;3516705
Cliente 24061;PEQ1842;3536109
Cliente 24062;PEQ1843;3529005
Cliente 24065;PEQ1844;3548708
Cliente 24066;PEQ1845;3510401
Cliente 24078;PEQ1851;3531407
Cliente 24083;PEQ1854;3520509
Cliente 24084;PEQ1855;3526902
Cliente 24092;PEQ1858;3543402
Cliente 24095;PEQ1859;3514403
Cliente 24106;PEQ1861;3525706
Cliente 24117;PEQ1865;3533403
Cliente 24118;PEQ1866;3540804
Cliente 24141;PEQ1882;3502804
Cliente 24142;PEQ1883;3502804
Cliente 24147;PEQ1884;3502804
Cliente 24148;PEQ1885;3508108
Cliente 24157;PEQ1886;3526902
Cliente 24159;PEQ1887;3538709
Cliente 24174;PEQ1890;3529005
Cliente 24176;PEQ1891;3527108
Cliente 24178;PEQ1892;3537305
Cliente 24180;PEQ1893;3527108
Cliente 24181;PEQ1894;3520509
Cliente 24184;PEQ1896;3528106
Cliente 24187;PEQ1898;3555000
Cliente 24196;PEQ1906;3517802
Cliente 24197;PEQ1907;3537305
Cliente 24200;PEQ1908;3533403
Cliente 24210;PEQ1912;3529005
Cliente 24213;PEQ1913;3531407
Cliente 24216;PEQ1915;3530300
Cliente 24217;PEQ1916;3530300
Cliente 24218;PEQ1917;3530300
Cliente 24221;PEQ1919;3555000
Cliente 24222;PEQ1920;3531407
Cliente 24223;PEQ1921;3530300
Cliente 24224;PEQ1922;3530300
Cliente 24225;PEQ1923;3530300
Cliente 24226;PEQ1924;3528106
Cliente 24235;PEQ1927;3538709
Cliente 24242;PEQ1931;3545803
Cliente 24253;PEQ1934;3526902
Cliente 24261;PEQ1935;3550308
Cliente 24262;PEQ1936;3525706
Cliente 24277;PEQ1939;3538709
Cliente 24279;PEQ1940;3502804
Cliente 24280;PEQ1941;3504008
Cliente 24289;PEQ1944;3555000
Cliente 24299;PEQ1948;3545803
Cliente 24302;PEQ1950;3538709
Cliente 24305;PEQ1953;3507605
Cliente 24308;PEQ1955;3526902
Cliente 24314;PEQ1959;3520509
Cliente 24315;PEQ1960;3520509
Cliente 24320;PEQ1962;3536109
Cliente 24325;PEQ1965;3507605
Cliente 24331;PEQ1968;3530300
Cliente 24341;PEQ1974;3535507
Cliente 24345;PEQ1977;3514403
Cliente 24349;PEQ1980;3529005
Cliente 24351;PEQ1982;3541406
Cliente 24353;PEQ1984;3536109
Cliente 24357;PEQ1985;3540804
Cliente 24359;PEQ1986;3556206
Cliente 24383;PEQ2000;3529005
Cliente 24388;PEQ2002;3538709
Cliente 24389;PEQ2003;3532603
Cliente 24394;PEQ2004;3541406
Cliente 24408;PEQ2006;3525706
Cliente 24409;PEQ2007;3505500
Cliente 24413;PEQ2008;3535507
Cliente 24423;PEQ2012;3550308
Cliente 24425;PEQ2013;3532603
Cliente 24426;PEQ2014;3504008
Cliente 24437;PEQ2016;3541406
Cliente 24440;PEQ2018;3512407
Cliente 24441;PEQ2019;3539202
Cliente 24444;PEQ2020;3527108
Cliente 24446;PEQ2021;3511003
Cliente 24451;PEQ2023;3528106
Cliente 24452;PEQ2024;3516705
Cliente 24459;PEQ2027;3541406
Cliente 24462;PEQ2028;3521606
Cliente 24464;PEQ2029;3515509
Cliente 24472;PEQ2031;3545803
Cliente 24473;PEQ2032;3542404
Cliente 24474;PEQ2033;3533403
Cliente 24476;PEQ2035;3532603
Cliente 24480;PEQ2036;3519071
Cliente 24482;PEQ2037;3531407
Cliente 24484;PEQ2038;3541406
Cliente 24489;PEQ2040;3527108
Cliente 24490;PEQ2041;3521606
Cliente 24498;PEQ2047;3510401
Cliente 24501;PEQ2049;3530300
Cliente 24502;PEQ2050;3542404
Cliente 24503;PEQ2051;3542404
Cliente 24505;PEQ2052;3502804
Cliente 24508;PEQ2053;3550308
Cliente 24509;PEQ2054;3506508
Cliente 24516;PEQ2056;3528106
Cliente 24517;PEQ2057;3535507
Cliente 24519;PEQ2058;3543402
Cliente 24522;PEQ2060;3516705
Cliente 24529;PEQ2062;3511003
Cliente 24538;PEQ2067;3546405
Cliente 24539;PEQ2068;3533403
Cliente 24540;PEQ2069;3500105
Cliente 24541;PEQ2070;3522505
Cliente 24543;PEQ2071;3502804
Cliente 24545;PEQ2072;3555000
Cliente 24546;PEQ2073;3535507
Cliente 24556;PEQ2075;3523107
Cliente 24561;PEQ2077;3546405
Cliente 24562;PEQ2078;3546405
Cliente 24583;PEQ2083;3549805
Cliente 24584;PEQ2084;3501608
Cliente 24592;PEQ2088;3522505
Cliente 24593;PEQ2089;3535507
Cliente 24594;PEQ2090;3502804
Cliente 24624;PEQ2111;3534708
Cliente 24625;PEQ2112;3546405
Cliente 24626;PEQ2113;3502804
Cliente 24628;PEQ2114;3502804
Cliente 24629;PEQ2115;3522505
Cliente 24630;PEQ2116;3550308
Cliente 24631;PEQ2117;3537305
Cliente 24634;PEQ2119;3524808
Cliente 24638;PEQ2120;3550308
Cliente 24644;PEQ2121;3529005
Cliente 24649;PEQ2124;3518800
Cliente 24652;PEQ2126;3533403
Cliente 24653;PEQ2127;3537305
Cliente 24658;PEQ2129;3555000
Cliente 24659;PEQ2130;3514403
Cliente 24668;PEQ2131;3518800
Cliente 24669;PEQ2132;3518800
Cliente 24670;PEQ2133;3530300
Cliente 24672;PEQ2134;3511003
Cliente 24674;PEQ2135;3537305
Cliente 24679;PEQ2136;3514403
Cliente 24680;PEQ2137;3514403
Cliente 24681;PEQ2138;3514403
Cliente 24682;PEQ2139;3555000
Cliente 24683;PEQ2140;3514403
Cliente 24684;PEQ2141;3556206
Cliente 24694;PEQ2145;3541406
Cliente 24701;PEQ2147;3504008
Cliente 24704;PEQ2148;3506508
Cliente 24713;PEQ2151;3545803
Cliente 24737;PEQ2153;3537305
Cliente 24739;PEQ2154;3529005
Cliente 24740;PEQ2155;3555000
Cliente 24742;PEQ2157;3506508
Cliente 24745;PEQ2158;3508108
Cliente 24757;PEQ2160;3530300
Cliente 24758;PEQ2161;3506508
Cliente 24763;PEQ2162;3539202
Cliente 24774;PEQ2166;3533403
Cliente 24777;PEQ2167;3546405
Cliente 24778;PEQ2168;3549805
Cliente 24779;PEQ2169;3527108
Cliente 24780;PEQ2170;3546405
Cliente 24782;PEQ2172;3507605
Cliente 24784;PEQ2173;3502804
Cliente 24787;PEQ2175;3549805
Cliente 24788;PEQ2176;3535507
Cliente 24791;PEQ2178;3508108
Cliente 24796;PEQ2179;3522505
Cliente 24797;PEQ2180;3519071
Cliente 24798;PEQ2181;3552205
Cliente 24807;PEQ2184;3529005
Cliente 24812;PEQ2187;3537305
Cliente 24813;PEQ2188;3502804
Cliente 24815;PEQ2189;3516705
Cliente 24836;PEQ2190;3524808
Cliente 24846;PEQ2193;3541406
Cliente 24853;PEQ2196;3521606
Cliente 24864;PEQ2199;3519071
Cliente 24869;PEQ2200;3507605
Cliente 24871;PEQ2202;3541406
Cliente 24896;PEQ2211;3543402
Cliente 24907;PEQ2221;3533403
Cliente 24908;PEQ2222;3533403
Cliente 24911;PEQ2224;3510401
Cliente 24916;PEQ2225;3516705
Cliente 24917;PEQ2226;3550308
Cliente 24921;PEQ2228;3550308
Cliente 24959;PEQ2254;3510401
Cliente 24966;PEQ2257;3506508
Cliente 24967;PEQ2258;3509502
Cliente 24974;PEQ2260;3519071
Cliente 24977;PEQ2261;3535507
Cliente 24979;PEQ2263;3528106
Cliente 24981;PEQ2264;3506508
Cliente 24986;PEQ2266;3527108
Cliente 24997;PEQ2269;3548708
Cliente 25005;PEQ2270;3541406
Cliente 25008;PEQ2272;3549805
Cliente 25042;PEQ2283;3550308
Cliente 25048;PEQ2287;3510401
Cliente 25049;PEQ2288;3511003
Cliente 25054;PEQ2289;3514403
Cliente 25057;PEQ2290;3550308
Cliente 25061;PEQ2292;3550308
Cliente 25091;PEQ2299;3538709
Cliente 25094;PEQ2300;3532603
Cliente 25098;PEQ2301;3525706
Cliente 25101;PEQ2302;3525706
Cliente 25186;PEQ2307;3512407
Cliente 25237;PEQ2308;3519071
Cliente 25239;PEQ2309;3530300
Cliente 25244;PEQ2313;3541406
Cliente 25250;PEQ2314;3525706
Cliente 25251;PEQ2315;3556206
Cliente 25258;PEQ2316;3506508
Cliente 25264;PEQ2318;3541406
Cliente 25270;PEQ2320;3522505
Cliente 25274;PEQ2322;3556206
Cliente 25275;PEQ2323;3556206
Cliente 25281;PEQ2327;3537305
Cliente 25284;PEQ2329;3518800
Cliente 25286;PEQ2330;3555000
Cliente 25295;PEQ2332;3535507
Cliente 25296;PEQ2333;3529005
Cliente 25298;PEQ2335;3549805
Cliente 25300;PEQ2336;3536109
Cliente 25356;PEQ2338;3544608
Cliente 25357;PEQ2339;3504008
Cliente 25358;PEQ2340;3542404
Cliente 25361;PEQ2342;3538709
Cliente 25362;PEQ2343;3509502
Cliente 25363;PEQ2344;3514403
Cliente 25375;PEQ2348;3504008
Cliente 25376;PEQ2349;3541406
Cliente 25380;PEQ2352;3515509
Cliente 25385;PEQ2354;3518800
Cliente 25386;PEQ2355;3511003
Cliente 25388;PEQ2357;3511003
Cliente 25391;PEQ2358;3527108
Cliente 25397;PEQ2361;3529005
Cliente 25400;PEQ2362;3536109
Cliente 25402;PEQ2363;3531407
Cliente 25404;PEQ2365;3556206
Cliente 25405;PEQ2366;3505500
Cliente 25407;PEQ2368;3512407
Cliente 25409;PEQ2369;3507605
Cliente 25424;PEQ2374;3526902
Cliente 25437;PEQ2379;3514403
Cliente 25438;PEQ2380;3527108
Cliente 25441;PEQ2381;3555000
Cliente 25445;PEQ2384;3544608
Cliente 25450;PEQ2385;3527108
Cliente 25452;PEQ2386;3524808
Cliente 25455;PEQ2387;3555000
Cliente 25460;PEQ2390;3532603
Cliente 25469;PEQ2392;3549805
Cliente 25471;PEQ2393;3511003
Cliente 25480;PEQ2395;3538709
Cliente 25481;PEQ2396;3528106
Cliente 25483;PEQ2398;3543402
Cliente 25488;PEQ2399;3529005
Cliente 25493;PEQ2401;3530300
Cliente 25498;PEQ2404;3515509
Cliente 25500;PEQ2405;3534708
Cliente 25545;PEQ2406;4102406
Cliente 25569;PEQ2408;4104808
Cliente 25575;PEQ2410;3524808
Cliente 25589;PEQ2414;3507605
Cliente 25593;PEQ2415;3529005
Cliente 25596;PEQ2417;3521606
Cliente 25605;PEQ2419;3515509
Cliente 25610;PEQ2421;3527108
Cliente 25612;PEQ2422;3547809
Cliente 25629;PEQ2423;3550308
Cliente 25779;PEQ2427;3509502
Cliente 25780;PEQ2428;3538709
Cliente 25790;PEQ2431;3543402
Cliente 25795;PEQ2432;3546405
Cliente 25797;PEQ2433;3518800
Cliente 25799;PEQ2434;3520509
Cliente 25803;PEQ2436;3552205
Cliente 25805;PEQ2437;3500105
Cliente 25808;PEQ2438;3549805
Cliente 25815;PEQ2441;3524808
Cliente 25827;PEQ2443;4123907
Cliente 25893;PEQ2446;4106902
Cliente 25894;PEQ2447;4115200
Cliente 25905;PEQ2449;4107504
Cliente 25914;PEQ2450;4117503
Cliente 25916;PEQ2451;3554102
Cliente 25921;PEQ2452;3525706
Cliente 25957;PEQ2456;3555000
Cliente 25962;PEQ2457;3504008
Cliente 25963;PEQ2458;3552205
Cliente 25965;PEQ2460;3506508
Cliente 25970;PEQ2462;3514403
Cliente 25978;PEQ2463;3557105
Cliente 25979;PEQ2464;3557105
Cliente 25980;PEQ2465;3557105
Cliente 25986;PEQ2468;3525706
Cliente 25997;PEQ2475;3550308
Cliente 26002;PEQ2477;3530300
Cliente 26004;PEQ2478;3516705
Cliente 26028;PEQ2481;4100400
Cliente 26038;PEQ2482;4127106
Cliente 26171;PEQ2494;4123907
Cliente 26176;PEQ2496;3537305
Cliente 26183;PEQ2498;3542404
Cliente 26185;PEQ2500;3535507
Cliente 26187;PEQ2501;3552205
Cliente 26191;PEQ2503;3541406
Cliente 26200;PEQ2504;3511003
Cliente 26203;PEQ2505;3508108
Cliente 26206;PEQ2506;3539202
Cliente 26209;PEQ2508;3555000
Cliente 26210;PEQ2509;3537305
Cliente 26214;PEQ2511;3542404
Cliente 26215;PEQ2512;3533403
Cliente 26216;PEQ2513;3526902
Cliente 26217;PEQ2514;3542404
Cliente 26360;PEQ2549;4105508
Cliente 26364;PEQ2551;4118204
Cliente 26397;PEQ2558;4112801
Cliente 26401;PEQ2559;4104808
Cliente 26410;PEQ2563;4104808
Cliente 26418;PEQ2567;4104808
Cliente 26439;PEQ2575;4119905
Cliente 26470;PEQ2603;4106902
Cliente 26534;PEQ2649;4106902
Cliente 26564;PEQ2655;4113700
Cliente 26572;PEQ2658;4104808
Cliente 26576;PEQ2661;4102406
Cliente 26595;PEQ2663;4124103
Cliente 26597;PEQ2664;4118204
Cliente 26599;PEQ2665;4109708
Cliente 26608;PEQ2670;4123907
Cliente 26609;PEQ2671;4111803
Cliente 26611;PEQ2673;4108304
Cliente 26614;PEQ2674;4125506
Cliente 26621;PEQ2678;4127106
Cliente 26637;PEQ2681;4108304
Cliente 26645;PEQ2683;4118204
Cliente 26646;PEQ2684;4103701
Cliente 26647;PEQ2685;4103701
Cliente 26655;PEQ2687;4106902
Cliente 26691;PEQ2712;4110706
Cliente 26694;PEQ2714;4110706
Cliente 26702;PEQ2717;4109708
Cliente 26703;PEQ2718;4109708
Cliente 26704;PEQ2719;4109708
Cliente 26708;PEQ2722;4109708
Cliente 26710;PEQ2724;4108304
Cliente 26712;PEQ2726;4109708
Cliente 26755;PEQ2748;4110706
Cliente 26757;PEQ2750;4112801
Cliente 26758;PEQ2751;4112801
Cliente 26760;PEQ2753;4104808
Cliente 26785;PEQ2758;4111803
Cliente 26796;PEQ2761;4112801
Cliente 26818;PEQ2768;4105508
Cliente 26820;PEQ2769;4127106
Cliente 26845;PEQ2771;4125506
Cliente 26854;PEQ2775;4106902
Cliente 26860;PEQ2779;4124103
Cliente 26877;PEQ2785;4114807
Cliente 26878;PEQ2786;4125506
Cliente 26879;PEQ2787;4106902
Cliente 26889;PEQ2789;4110706
Cliente 26892;PEQ2791;4114807
Cliente 26896;PEQ2792;4103701
Cliente 26904;PEQ2796;4100400
Cliente 26905;PEQ2797;4106902
Cliente 26906;PEQ2798;4107504
Cliente 26940;PEQ2800;4208450
Cliente 26946;PEQ2802;4101507
Cliente 26947;PEQ2803;4108304
Cliente 26948;PEQ2804;4107504
Cliente 27109;PEQ2809;4104808
Cliente 27111;PEQ2811;4105508
Cliente 27112;PEQ2812;4105508
Cliente 27115;PEQ2814;4120705
Cliente 27116;PEQ2815;4111803
Cliente 27137;PEQ2819;4109708
Cliente 27143;PEQ2822;4104808
Cliente 27147;PEQ2824;4118204
Cliente 27179;PEQ2835;4117503
Cliente 27195;PEQ2837;4105508
Cliente 27201;PEQ2840;4109708
Cliente 27212;PEQ2846;4123907
Cliente 27216;PEQ2847;4118204
Cliente 27247;PEQ2854;4113700
Cliente 27257;PEQ2857;4111803
Cliente 27259;PEQ2859;4126256
Cliente 27264;PEQ2862;4118204
Cliente 27268;PEQ2864;4100400
Cliente 27283;PEQ2866;4121000
Cliente 27301;PEQ2871;4101507
Cliente 27302;PEQ2872;4112801
Cliente 27315;PEQ2873;4104808
Cliente 27317;PEQ2875;4128104
Cliente 27319;PEQ2876;4106902
Cliente 27341;PEQ2882;4126256
Cliente 27343;PEQ2883;4115200
Cliente 27352;PEQ2888;4102406
Cliente 27356;PEQ2889;4118204
Cliente 27362;PEQ2894;4106902
Cliente 27368;PEQ2898;4122404
Cliente 27382;PEQ2899;4115200
Cliente 27383;PEQ2900;4115200
Cliente 27387;PEQ2903;4114807
Cliente 27393;PEQ2907;4115200
Cliente 27394;PEQ2908;4109708
Cliente 27395;PEQ2909;4115200
Cliente 27398;PEQ2911;4124103
Cliente 27399;PEQ2912;4125506
Cliente 27400;PEQ2913;4109708
Cliente 27418;PEQ2916;4124103
Cliente 27425;PEQ2917;4113700
Cliente 27428;PEQ2919;4115200
Cliente 27431;PEQ2920;4128104
Cliente 27457;PEQ2921;4106902
Cliente 27466;PEQ2924;4128104
Cliente 27467;PEQ2925;4128104
Cliente 27500;PEQ2932;4115200
Cliente 27503;PEQ2934;4117503
Cliente 27507;PEQ2935;4106902
Cliente 27518;PEQ2939;4111803
Cliente 27535;PEQ2943;4110706
Cliente 27536;PEQ2944;4110706
Cliente 27537;PEQ2945;4107504
Cliente 27784;PEQ2952;4115200
Cliente 27785;PEQ2953;4114807
Cliente 27788;PEQ2954;4125506
Cliente 27791;PEQ2957;4111803
Cliente 27792;PEQ2958;4116901
Cliente 27793;PEQ2959;4115200
Cliente 27800;PEQ2961;4104808
Cliente 27805;PEQ2962;4102406
Cliente 27822;PEQ2969;4124103
Cliente 27825;PEQ2971;4104808
Cliente 27828;PEQ2973;4123907
Cliente 27840;PEQ2977;4118204
Cliente 27925;PEQ2986;4114807
Cliente 28011;PEQ2990;4125506
Cliente 30538;PEQ3013;4115200
Cliente 30549;PEQ3018;4101507
Cliente 30605;PEQ3020;3507605
Cliente 30607;PEQ3021;3555000
Cliente 30608;PEQ3022;3508108
Cliente 30624;PEQ3023;3502804
Cliente 30625;PEQ3024;3501608
Cliente 30636;PEQ3027;3510401
Cliente 30645;PEQ3029;3542404
Cliente 30646;PEQ3030;3538709
Cliente 30648;PEQ3031;3521606
Cliente 30656;PEQ3034;3518800
Cliente 30670;PEQ3035;3542404
Cliente 30675;PEQ3036;3546405
Cliente 30814;PEQ3037;4113700
Cliente 31192;PEQ3040;3548708
Cliente 31434;PEQ3041;3552205
Cliente 31974;PEQ3043;4106902
Cliente 34089;PEQ3050;3550308
Cliente 34349;PEQ3053;4106902
Cliente 34423;PEQ3055;4125506
Cliente 34467;PEQ3058;4117503
Cliente 35849;PEQ3064;3505500
Cliente 35875;PEQ3072;4208450
Cliente 35899;PEQ3073;4115200
Cliente 35925;PEQ3075;4107504
Cliente 35937;PEQ3078;4114807
Cliente 35944;PEQ3079;3543402
Cliente 35958;PEQ3084;3549805
Cliente 35966;PEQ3090;3506508
Cliente 35975;PEQ3092;3506508
Cliente 35980;PEQ3094;3502804
Cliente 35986;PEQ3096;3539202
Cliente 36026;PEQ3101;3556206
Cliente 36032;PEQ3102;3516705
Cliente 36064;PEQ3108;3503208
Cliente 36071;PEQ3111;3506508
Cliente 36087;PEQ3112;3528106
Cliente 36092;PEQ3113;4107504
Cliente 36099;PEQ3114;4101507
Cliente 36105;PEQ3116;4100400
Cliente 36106;PEQ3117;3503208
Cliente 36123;PEQ3121;3557105
Cliente 36142;PEQ3123;3536109
Cliente 36143;PEQ3124;3553401
Cliente 36171;PEQ3129;4106902
Cliente 36175;PEQ3131;4124103
Cliente 36182;PEQ3132;3552205
Cliente 36195;PEQ3134;3506508
Cliente 36198;PEQ3135;3502804
Cliente 36207;PEQ3137;3524808
Cliente 36208;PEQ3138;3515509
Cliente 36222;PEQ3140;4105508
Cliente 36227;PEQ3143;3530300
Cliente 36234;PEQ3144;3501608
Cliente 36245;PEQ3145;4125506
Cliente 36272;PEQ3153;3542404
Cliente 36277;PEQ3154;3536109
Cliente 36282;PEQ3156;3502804
Cliente 36284;PEQ3157;3526902
Cliente 36326;PEQ3162;3520509
Cliente 36330;PEQ3163;4106902
Cliente 36342;PEQ3165;4120705
Cliente 36357;PEQ3168;3515509
Cliente 36362;PEQ3170;3552205
Cliente 36387;PEQ3175;4122404
Cliente 36415;PEQ3179;3523107
Cliente 36419;PEQ3180;3555000
Cliente 36422;PEQ3182;4102406
Cliente 36423;PEQ3183;3557105
Cliente 36451;PEQ3188;3524808
Cliente 36464;PEQ3190;3550308
Cliente 36494;PEQ3197;3534708
Cliente 36504;PEQ3202;3534708
Cliente 36511;PEQ3206;3543402
Cliente 36522;PEQ3210;3510401
Cliente 36537;PEQ3212;4114807
Cliente 36540;PEQ3213;4100400
Cliente 36544;PEQ3214;3539202
Cliente 36545;PEQ3215;3541406
Cliente 36561;PEQ3221;4100400
Cliente 36570;PEQ3225;4115200
Cliente 36572;PEQ3226;3550308
Cliente 36574;PEQ3228;3509502
Cliente 36576;PEQ3229;3527108
Cliente 36686;PEQ3236;3529005
Cliente 36730;PEQ3242;3529005
Cliente 36737;PEQ3244;3555000
Cliente 36739;PEQ3245;3534708
Cliente 36770;PEQ3250;3555000
Cliente 36777;PEQ3251;3500105
Cliente 36786;PEQ3253;3506508
Cliente 36793;PEQ3256;4127106
Cliente 36799;PEQ3258;3524808
Cliente 36818;PEQ3265;4104808
Cliente 36849;PEQ3275;4101507
Cliente 36858;PEQ3278;4111803
Cliente 36862;PEQ3279;4106902
Cliente 36896;PEQ3287;4100400
Cliente 36903;PEQ3289;4100400
Cliente 36922;PEQ3294;4125506
Cliente 36927;PEQ3297;4104808
Cliente 36946;PEQ3300;3531407
Cliente 37065;PEQ3302;3501608
Cliente 38959;PEQ3310;3529005
Cliente 41906;PEQ3314;3538709
Cliente 41940;PEQ3316;3553401
Cliente 41943;PEQ3317;3517802
Cliente 41954;PEQ3318;3539202
Cliente 42082;PEQ3325;3550308
Cliente 42120;PEQ3326;3539202
Cliente 42157;PEQ3327;4119905
Cliente 42226;PEQ3328;4124103
Cliente 42298;PEQ3330;4117503
Cliente 42448;PEQ3336;3541406
Cliente 42535;PEQ3341;4123907
Cliente 42710;PEQ3346;4104808
Cliente 42756;PEQ3347;3521606
Cliente 42772;PEQ3348;3517802
Cliente 42788;PEQ3350;3502804
Cliente 42816;PEQ3351;3541406
Cliente 42819;PEQ3352;3548708
Cliente 42897;PEQ3353;4126256
Cliente 42960;PEQ3356;4106902
Cliente 43031;PEQ3360;3516705
Cliente 43132;PEQ3363;4118204
Cliente 43140;PEQ3365;3530300
Cliente 43204;PEQ3368;3506508
Cliente 43364;PEQ3372;3553401
Cliente 43366;PEQ3373;3553401
Cliente 43435;PEQ3374;4106902
Cliente 43521;PEQ3378;3507605
Cliente 43536;PEQ3380;3506508
Cliente 43592;PEQ3382;3539202
Cliente 43622;PEQ3383;4106902
Cliente 43624;PEQ3384;3549805
Cliente 43625;PEQ3385;3506508
Cliente 43682;PEQ3387;4119905
Cliente 43770;PEQ3388;4119905
Cliente 43814;PEQ3389;3548708
Cliente 43918;PEQ3392;3541406
Cliente 43919;PEQ3393;3553401
Cliente 44000;PEQ3394;4104808
Cliente 44072;PEQ3397;4106902
Cliente 44078;PEQ3398;4117503
Cliente 44273;PEQ3401;3510401
Cliente 44314;PEQ3404;3500105
Cliente 44347;PEQ3407;4125506
Cliente 44419;PEQ3411;3542404
Cliente 44446;PEQ3412;3555000
Cliente 44449;PEQ3413;4126256
Cliente 44495;PEQ3415;4100400
Cliente 44510;PEQ3416;4104808
Cliente 44688;PEQ3418;3550308
Cliente 44887;PEQ3420;3548708
Cliente 45060;PEQ3425;3509502
Cliente 45118;PEQ3427;4107504
Cliente 45215;PEQ3430;3510401
Cliente 45431;PEQ3432;4112801
Cliente 45525;PEQ3435;4109708
Cliente 45737;PEQ3438;3544608
Cliente 45740;PEQ3439;3550308
Cliente 45769;PEQ3440;4104808
Cliente 45770;PEQ3441;4119905
Cliente 45780;PEQ3442;4115200
Cliente 45783;PEQ3443;3533403
Cliente 45823;PEQ3447;3550308
Cliente 45935;PEQ3451;3522505
Cliente 46045;PEQ3456;4106902
Cliente 46116;PEQ3457;3554102
Cliente 46186;PEQ3459;3541406
Cliente 46315;PEQ3463;3500105
Cliente 46319;PEQ3464;4106902
Cliente 46363;PEQ3466;3524808
Cliente 46379;PEQ3467;3542404
Cliente 46523;PEQ3471;3527108
Cliente 46525;PEQ3472;3529005
Cliente 46674;PEQ3475;3550308
Cliente 46744;PEQ3478;3542404
Cliente 46848;PEQ3480;4102406
Cliente 46859;PEQ3481;4101507
Cliente 46961;PEQ3483;3506508
Cliente 47003;PEQ3485;4105508
Cliente 47027;PEQ3487;4125506
Cliente 47106;PEQ3491;3542404
Cliente 47145;PEQ3493;4106902
Cliente 47291;PEQ3497;3539202
Cliente 47333;PEQ3502;3522505
Cliente 47358;PEQ3503;4104808
Cliente 47541;PEQ3506;4108304
Cliente 47574;PEQ3507;3506508
Cliente 47673;PEQ3510;3549805
Cliente 47908;PEQ3514;3541406
Cliente 47923;PEQ3515;4104808
Cliente 48188;PEQ3520;3507605
Cliente 48328;PEQ3524;4106902
Cliente 48441;PEQ3528;3520509
Cliente 48456;PEQ3529;4118204
Cliente 48462;PEQ3530;3517802
Cliente 48493;PEQ3534;3550308
Cliente 48536;PEQ3540;3507605
Cliente 48573;PEQ3543;3506508
Cliente 48600;PEQ3544;4119905
Cliente 48699;PEQ3545;4113700
Cliente 48801;PEQ3548;3525706
Cliente 48804;PEQ3549;3546405
Cliente 48900;PEQ3552;3554102
Cliente 49026;PEQ3558;4100400
Cliente 49043;PEQ3559;4106902
Cliente 49044;PEQ3560;4106902
Cliente 49056;PEQ3562;4202008
Cliente 49063;PEQ3563;3514403
Cliente 49117;PEQ3565;3531407
Cliente 49130;PEQ3568;3550308
Cliente 49427;PEQ3575;3543402
Cliente 49480;PEQ3576;3522505
Cliente 49518;PEQ3578;3506508
Cliente 49544;PEQ3581;3550308
Cliente 49650;PEQ3582;4118204
Cliente 49690;PEQ3583;4100400
Cliente 49746;PEQ3587;4111803
Cliente 49813;PEQ3591;4100400
Cliente 49904;PEQ3593;3506508
Cliente 49954;PEQ3595;3543402
Cliente 49958;PEQ3596;3518800
Cliente 50001;PEQ3597;3528106
Cliente 50012;PEQ3598;3510401
Cliente 50046;PEQ3600;3509502
Cliente 50057;PEQ3601;4121000
Cliente 50347;PEQ3607;4124103
Cliente 50453;PEQ3609;4104808
Cliente 50457;PEQ3610;4106902
Cliente 50577;PEQ3614;4104808
Cliente 50630;PEQ3616;4106902
Cliente 50639;PEQ3618;3550308
Cliente 50655;PEQ3619;4104808
Cliente 50706;PEQ3625;4104808
Cliente 50730;PEQ3632;3550308
Cliente 50821;PEQ3637;4106902
Cliente 50838;PEQ3638;4126256
Cliente 50842;PEQ3639;3544608
Cliente 50853;PEQ3640;3521606
Cliente 50892;PEQ3642;3549805
Cliente 50951;PEQ3644;4117503
Cliente 50955;PEQ3645;4120705
Cliente 50959;PEQ3646;3534708
Cliente 50986;PEQ3647;3506508
Cliente 51067;PEQ3649;3530300
Cliente 51068;PEQ3650;3530300
Cliente 51080;PEQ3652;4109708
Cliente 51094;PEQ3653;4104808
Cliente 51220;PEQ3659;4106902
Cliente 51349;PEQ3664;3541406
Cliente 51363;PEQ3665;3541406
Cliente 51407;PEQ3667;3553401
Cliente 51419;PEQ3668;4115200
Cliente 51430;PEQ3669;3534708
Cliente 51460;PEQ3670;4106902
Cliente 51545;PEQ3672;3553401
Cliente 51595;PEQ3674;4106902
Cliente 51634;PEQ3675;4128104
Cliente 51650;PEQ3676;3506508
Cliente 51789;PEQ3680;3506508
Cliente 51811;PEQ3682;4104808
Cliente 51831;PEQ3683;3507605
Cliente 51915;PEQ3689;3516705
Cliente 51969;PEQ3711;3551603
Cliente 52046;PEQ3712;3539202
Cliente 52090;PEQ3715;3521606
Cliente 52109;PEQ3716;3544608
Cliente 52139;PEQ3718;3518800
Cliente 52364;PEQ3731;3524808
Cliente 52371;PEQ3733;4100400
Cliente 52385;PEQ3734;3539202
Cliente 52402;PEQ3735;3539202
Cliente 52491;PEQ3738;4101507
Cliente 52529;PEQ3741;3552205
Cliente 52561;PEQ3744;3505500
Cliente 52608;PEQ3747;3529005
Cliente 52611;PEQ3748;4120705
Cliente 52667;PEQ3750;4125506
Cliente 52676;PEQ3751;3511003
Cliente 52763;PEQ3754;4124103
Cliente 52768;PEQ3755;4125506
Cliente 52984;PEQ3765;3549805
Cliente 53282;PEQ3769;4105508
Cliente 53327;PEQ3770;3509502
Cliente 53356;PEQ3772;3555000
Cliente 53560;PEQ3778;3538709
Cliente 53634;PEQ3779;3518800
Cliente 53651;PEQ3780;3530300
Cliente 53653;PEQ3781;3530300
Cliente 53688;PEQ3783;4119905
Cliente 53761;PEQ3786;3522505
Cliente 53804;PEQ3787;3523107
Cliente 53825;PEQ3789;3541406
Cliente 53826;PEQ3790;3534708
Cliente 53889;PEQ3793;3521606
Cliente 53900;PEQ3794;3529005
Cliente 53928;PEQ3797;3550308
Cliente 53957;PEQ3798;3526902
Cliente 54010;PEQ3800;4126256
Cliente 54083;PEQ3804;4104808
Cliente 54092;PEQ3805;3550308
Cliente 54094;PEQ3806;4106902
Cliente 54125;PEQ3815;4127106
Cliente 54150;PEQ3816;3501608
Cliente 54173;PEQ3817;3548708
Cliente 54218;PEQ3822;3529005
Cliente 54222;PEQ3823;3541406
Cliente 54247;PEQ3825;3503208
Cliente 54274;PEQ3828;3515509
Cliente 54275;PEQ3829;3521606
Cliente 54303;PEQ3833;3536109
Cliente 54312;PEQ3834;3533403
Cliente 54317;PEQ3835;4106902
Cliente 54327;PEQ3837;4102406
Cliente 54353;PEQ3844;3517802
Cliente 54362;PEQ3845;4101507
Cliente 54377;PEQ3847;4104808
Cliente 54399;PEQ3849;4106902
Cliente 54418;PEQ3851;3550308
Cliente 54421;PEQ3852;3555000
Cliente 54429;PEQ3853;3553401
Cliente 54430;PEQ3854;3528106
Cliente 54434;PEQ3855;3541406
Cliente 54440;PEQ3856;3553401
Cliente 54448;PEQ3858;4121000
Cliente 54450;PEQ3859;3534708
Cliente 54457;PEQ3862;4106902
Cliente 54458;PEQ3863;4106902
Cliente 54459;PEQ3864;3535507
Cliente 54463;PEQ3866;3517802
Cliente 54469;PEQ3868;4108304
Cliente 54481;PEQ3871;3541406
Cliente 54493;PEQ3874;3541406
Cliente 54498;PEQ3877;3507605
Cliente 54502;PEQ3878;4102406
Cliente 54516;PEQ3881;4118204
Cliente 54524;PEQ3883;4121000
Cliente 54525;PEQ3884;4124103
Cliente 54527;PEQ3885;4121000
Cliente 54530;PEQ3886;3550308
Cliente 54534;PEQ3887;3548708
Cliente 54842;PEQ3890;3543402
Cliente 54843;PEQ3891;3516705
Cliente 55540;PEQ3893;3500105
Cliente 55541;PEQ3894;3500105
Cliente 55542;PEQ3895;3500105
Cliente 55543;PEQ3896;3500105
Cliente 55544;PEQ3897;3500105
Cliente 55545;PEQ3898;3500105
Cliente 55581;PEQ3905;3550308
Cliente 55600;PEQ3906;3501608
Cliente 55749;PEQ3911;3545803
Cliente 55775;PEQ3912;3515509
Cliente 55828;PEQ3914;3539202
Cliente 55834;PEQ3916;3550308
Cliente 55864;PEQ3917;3529005
Cliente 55870;PEQ3918;3508108
Cliente 55890;PEQ3919;3550308
Cliente 55917;PEQ3922;3550308
Cliente 56291;PEQ3932;3514403
Cliente 56377;PEQ3935;3528106
Cliente 56386;PEQ3938;3524808
Cliente 56427;PEQ3939;3510401
Cliente 56595;PEQ3945;3550308
Cliente 56648;PEQ3955;3509502
Cliente 56661;PEQ3956;3507605
Cliente 56679;PEQ3958;3524808
Cliente 56817;PEQ3966;3506508
Cliente 56835;PEQ3967;3556206
Cliente 56979;PEQ3974;3502804
Cliente 57062;PEQ3978;3531407
Cliente 57105;PEQ3979;3557105
Cliente 57108;PEQ3980;3556206
Cliente 57145;PEQ3983;3529005
Cliente 57186;PEQ3986;3530300
Cliente 57221;PEQ3987;3547809
Cliente 57240;PEQ3988;3546405
Cliente 57283;PEQ3989;3514403
Cliente 57288;PEQ3990;3502804
Cliente 57297;PEQ3991;3550308
Cliente 57385;PEQ3994;3524808
Cliente 57426;PEQ3999;3557105
Cliente 57527;PEQ4003;3550308
Cliente 57567;PEQ4006;3541406
Cliente 57569;PEQ4007;3536109
Cliente 57657;PEQ4010;3541406
Cliente 57667;PEQ4011;3557105
Cliente 57671;PEQ4012;3533403
Cliente 57690;PEQ4013;3548708
Cliente 57753;PEQ4014;3549805
Cliente 57826;PEQ4016;3506508
Cliente 57952;PEQ4022;3504008
Cliente 57966;PEQ4024;3547809
Cliente 58047;PEQ4025;3550308
Cliente 58057;PEQ4026;3552205
Cliente 58070;PEQ4027;3550308
Cliente 58212;PEQ4035;3550308
Cliente 58225;PEQ4036;3550308
Cliente 58266;PEQ4037;3550308
Cliente 58295;PEQ4038;3534708
Cliente 58333;PEQ4040;3550308
Cliente 58346;PEQ4041;3541406
Cliente 58350;PEQ4042;3522505
Cliente 58363;PEQ4043;3553401
Cliente 58528;PEQ4053;3527108
Cliente 58530;PEQ4054;3514403
Cliente 58565;PEQ4055;3550308
Cliente 58662;PEQ4058;3550308
Cliente 58720;PEQ4066;3550308
Cliente 58833;PEQ4068;3533403
Cliente 58835;PEQ4069;3548708
Cliente 58876;PEQ4070;3506508
Cliente 58999;PEQ4078;3547809
Cliente 59023;PEQ4079;3507605
Cliente 59073;PEQ4080;3502804
Cliente 59092;PEQ4081;3550308
Cliente 59235;PEQ4088;3506508
Cliente 59340;PEQ4091;3533403
Cliente 59365;PEQ4093;3525706
Cliente 59381;PEQ4096;3556206
Cliente 59402;PEQ4097;3510401
Cliente 59453;PEQ4100;3522505
Cliente 59510;PEQ4102;3509502
Cliente 59583;PEQ4103;4109708
Cliente 59589;PEQ4104;4128104
Cliente 59602;PEQ4106;3528106
Cliente 59615;PEQ4107;3506508
Cliente 59687;PEQ4108;3521606
Cliente 59704;PEQ4110;3530300
Cliente 59713;PEQ4111;3550308
Cliente 59755;PEQ4113;3551603
Cliente 59757;PEQ4114;3548708
Cliente 59930;PEQ4121;3526902
Cliente 60034;PEQ4123;4104808
Cliente 60038;PEQ4124;4104808
Cliente 60044;PEQ4125;4118204
Cliente 60092;PEQ4127;3552205
Cliente 60146;PEQ4131;3506508
Cliente 60227;PEQ4135;4128104
Cliente 60281;PEQ4137;4122404
Cliente 60290;PEQ4138;4104808
Cliente 60308;PEQ4139;4115200
Cliente 60366;PEQ4140;4106902
Cliente 60389;PEQ4141;3534708
Cliente 60398;PEQ4142;3506508
Cliente 60410;PEQ4143;3509502
Cliente 60418;PEQ4144;3524808
Cliente 60526;PEQ4149;4106902
Cliente 60612;PEQ4154;4102406
Cliente 60644;PEQ4158;4106902
Cliente 60651;PEQ4159;4104808
Cliente 60664;PEQ4160;4104808
Cliente 60843;PEQ4174;4106902
Cliente 60889;PEQ4177;4107504
Cliente 60928;PEQ4179;4119905
Cliente 60966;PEQ4182;4106902
Cliente 61082;PEQ4190;4106902
Cliente 61092;PEQ4193;4123907
Cliente 61180;PEQ4199;4124103
Cliente 61204;PEQ4201;4107504
Cliente 61240;PEQ4202;4104808
Cliente 61248;PEQ4205;4108304
Cliente 61256;PEQ4207;4104808
Cliente 61303;PEQ4208;4114807
Cliente 61355;PEQ4209;4106902
Cliente 61586;PEQ4214;4107504
Cliente 61694;PEQ4218;4128104
Cliente 61696;PEQ4219;4106902
Cliente 61706;PEQ4220;4106902
Cliente 61754;PEQ4222;4105508
Cliente 61834;PEQ4229;4111803
Cliente 61850;PEQ4230;4106902
Cliente 61870;PEQ4232;4106902
Cliente 61919;PEQ4235;4104808
Cliente 61955;PEQ4236;4107504
Cliente 61969;PEQ4238;4213609
Cliente 62046;PEQ4241;4125506
Cliente 62090;PEQ4245;4110706
Cliente 62097;PEQ4246;4119905
Cliente 62442;PEQ4251;4104808
Cliente 62457;PEQ4252;4100400
Cliente 62527;PEQ4255;4106902
Cliente 62531;PEQ4256;4115200
Cliente 62614;PEQ4258;4104808
Cliente 62621;PEQ4259;4104808
Cliente 62730;PEQ4261;4104808
Cliente 62876;PEQ4267;4105508
Cliente 62940;PEQ4268;3550308
Cliente 62982;PEQ4270;3534708
Cliente 63017;PEQ4272;3516705
Cliente 63023;PEQ4273;3531407
Cliente 63268;PEQ4276;4104808
Cliente 63275;PEQ4277;4119905
Cliente 63299;PEQ4278;4104808
Cliente 63300;PEQ4279;4104808
Cliente 63350;PEQ4288;4101507
Cliente 63351;PEQ4289;4119905
Cliente 63356;PEQ4292;4101507
Cliente 63360;PEQ4293;4125506
Cliente 63369;PEQ4294;4106902
Cliente 63373;PEQ4295;4125506
Cliente 63468;PEQ4298;4115200
Cliente 64055;PEQ4300;3509502
Cliente 65133;PEQ4302;3522505
Cliente 72936;PEQ4309;4104808
Cliente 74686;PEQ4312;4106902
Cliente 74855;PEQ4328;3509502
Cliente 74880;PEQ4329;3509502
Cliente 75097;PEQ4333;3529005
Cliente 75247;PEQ4335;3538709
Cliente 78616;PEQ4343;3547809
Cliente 79597;PEQ4344;4119905
Cliente 86905;PEQ4348;3539202
Cliente 86927;PEQ4349;4106902
Cliente 86954;PEQ4350;4104808
Cliente 86964;PEQ4352;3520509
Cliente 86965;PEQ4353;4112801
Cliente 86979;PEQ4357;3509502
Cliente 86985;PEQ4360;3517802
Cliente 87005;PEQ4367;3539202
Cliente 87008;PEQ4369;3533403
Cliente 87009;PEQ4370;3539202
Cliente 87012;PEQ4371;3506508
Cliente 87013;PEQ4372;3532603
Cliente 87014;PEQ4373;3538709
Cliente 91301;PEQ4454;4113700
Cliente 120674;PEQ4577;3542404
Cliente 121321;PEQ4579;3538709
Cliente 124010;PEQ4595;5208707
Cliente 124906;PEQ4604;3550308
Cliente 124908;PEQ4606;3550308
Cliente 125072;PEQ4609;3550308
Cliente 125315;PEQ4611;3522505
Cliente 125833;PEQ4618;3557105
Cliente 125954;PEQ4621;3547809
Cliente 127132;PEQ4647;3517802
Cliente 220903;PEQ4653;4125506
Cliente 221053;PEQ4656;3522505
Cliente 221060;PEQ4658;3537305
Cliente 221078;PEQ4661;3529005
Cliente 221172;PEQ4664;3531407
Cliente 221428;PEQ4671;3542404
Cliente 221548;PEQ4674;4100400
Cliente 222387;PEQ4680;3504008
Cliente 222790;PEQ4682;3541406
Cliente 223197;PEQ4697;3537305
Cliente 223200;PEQ4698;3518800
Cliente 223371;PEQ4706;3511003
Cliente 223373;PEQ4707;3515509
Cliente 223575;PEQ4714;4108304
Cliente 223578;PEQ4715;4110706
Cliente 223754;PEQ4728;3530300
Cliente 223836;PEQ4732;4126256
Cliente 223842;PEQ4733;4115200
Cliente 223977;PEQ4735;3553401
Cliente 223985;PEQ4736;4106902
Cliente 224031;PEQ4739;3537305
Cliente 224042;PEQ4740;4105508
Cliente 224048;PEQ4741;3508108
Cliente 224050;PEQ4742;3506508
Cliente 224057;PEQ4743;3506508
Cliente 224063;PEQ4744;3535507
Cliente 224191;PEQ4748;3530300
Cliente 224200;PEQ4749;4102406
Cliente 224232;PEQ4750;3543402
Cliente 224471;PEQ4756;4124103
Cliente 224546;PEQ4757;4124103
Cliente 224582;PEQ4758;4102406
Cliente 224784;PEQ4763;4104808
Cliente 224842;PEQ4764;4104808
Cliente 224856;PEQ4765;4118204
Cliente 224921;PEQ4768;3542404
Cliente 225088;PEQ4774;4112801
Cliente 225193;PEQ4778;4112801
Cliente 225195;PEQ4779;4106902
Cliente 225312;PEQ4782;4106902
Cliente 225378;PEQ4784;4104808
Cliente 225387;PEQ4785;3516705
Cliente 225390;PEQ4786;4125506
Cliente 225522;PEQ4787;3522505
Cliente 225613;PEQ4788;4104808
Cliente 225641;PEQ4790;3541406
Cliente 225670;PEQ4792;4104808
Cliente 225679;PEQ4793;4104808
Cliente 225752;PEQ4796;4104808
Cliente 225787;PEQ4799;4104808
Cliente 225831;PEQ4800;3304557
Cliente 225870;PEQ4802;4104808
Cliente 226006;PEQ4804;4118204
Cliente 226168;PEQ4811;4105508
Cliente 226191;PEQ4812;4125506
Cliente 226198;PEQ4813;4125506
Cliente 226247;PEQ4815;4110706
Cliente 226469;PEQ4822;4115200
Cliente 226754;PEQ4837;4106902
Cliente 226800;PEQ4838;4122404
Cliente 226940;PEQ4841;4114807
Cliente 226972;PEQ4842;3505500
Cliente 227103;PEQ4846;4105508
Cliente 227206;PEQ4849;3504008
Cliente 227224;PEQ4850;4114807
Cliente 227371;PEQ4852;3536109
Cliente 227717;PEQ4855;3541406
Cliente 227941;PEQ4858;3545803
Cliente 227987;PEQ4860;3506508
Cliente 228103;PEQ4862;3522505
Cliente 228110;PEQ4863;4113700
Cliente 228111;PEQ4864;3536109
Cliente 228284;PEQ4869;4115200
Cliente 228540;PEQ4876;3533403
Cliente 228591;PEQ4877;3549805
Cliente 228610;PEQ4879;3511003
Cliente 228613;PEQ4880;3522505
Cliente 228706;PEQ4882;3511003
Cliente 228732;PEQ4885;3539202
Cliente 228735;PEQ4886;3555000
Cliente 228764;PEQ4887;3516705
Cliente 228765;PEQ4888;3516705
Cliente 228799;PEQ4891;4115200
Cliente 229037;PEQ4893;4100400
Cliente 229080;PEQ4894;3509502
Cliente 229099;PEQ4895;3548708
Cliente 229192;PEQ4898;3542404
Cliente 229355;PEQ4900;3518800
Cliente 229359;PEQ4902;3515509
Cliente 229360;PEQ4903;3536109
Cliente 229505;PEQ4906;4117503
Cliente 229570;PEQ4909;3522505
Cliente 229571;PEQ4910;3522505
Cliente 229579;PEQ4912;3529005
Cliente 229596;PEQ4913;3506508
Cliente 229600;PEQ4914;4107504
Cliente 229870;PEQ4919;4103701
Cliente 229965;PEQ4941;3534708
Cliente 229966;PEQ4942;3513009
Cliente 230086;PEQ4949;4111803
Cliente 230087;PEQ4950;3520509
Cliente 230111;PEQ4951;3541406
Cliente 230345;PEQ4954;3520509
Cliente 230386;PEQ4957;3508108
Cliente 230435;PEQ4961;4111803
Cliente 230686;PEQ4963;3553401
Cliente 230721;PEQ4964;4101507
Cliente 230726;PEQ4965;3521606
Cliente 230741;PEQ4966;3511003
Cliente 230870;PEQ4969;3525706
Cliente 230942;PEQ4971;4112801
Cliente 230946;PEQ4972;4102406
Cliente 230947;PEQ4973;4124103
Cliente 230953;PEQ4974;4102406
Cliente 230976;PEQ4977;4109708
Cliente 230986;PEQ4979;4109708
Cliente 231009;PEQ4980;3508108
Cliente 231023;PEQ4982;4117503
Cliente 231027;PEQ4983;4101507
Cliente 231043;PEQ4985;3524808
Cliente 231054;PEQ4987;3541406
Cliente 231056;PEQ4988;3541406
Cliente 231095;PEQ4989;3509502
Cliente 231104;PEQ4991;3509502
Cliente 231117;PEQ4994;4125506
Cliente 231154;PEQ4996;4106902
Cliente 231158;PEQ4998;3533403
Cliente 231159;PEQ4999;4109708
Cliente 231162;PEQ5000;4109708
Cliente 231164;PEQ5001;4109708
Cliente 231244;PEQ5006;4114807
Cliente 231264;PEQ5007;3541406
Cliente 231316;PEQ5009;4113700
Cliente 231346;PEQ5012;3529005
Cliente 231383;PEQ5015;3508108
Cliente 231429;PEQ5020;3554102
Cliente 231476;PEQ5021;4103701
Cliente 231479;PEQ5022;4128104
Cliente 231515;PEQ5025;4112801
Cliente 231597;PEQ5026;4106902
Cliente 231638;PEQ5027;4118204
Cliente 231861;PEQ5032;3512407
Cliente 231914;PEQ5034;3542404
Cliente 231918;PEQ5035;3501608
Cliente 231968;PEQ5038;4101507
Cliente 231985;PEQ5040;4128104
Cliente 231987;PEQ5041;3518800
Cliente 232662;PEQ5045;3552205
Cliente 232840;PEQ5048;4106902
Cliente 232844;PEQ5049;4106902
Cliente 233239;PEQ5053;3511003
Cliente 233242;PEQ5054;3549805
Cliente 233301;PEQ5055;4101507
Cliente 233369;PEQ5056;3508108
Cliente 233396;PEQ5057;3534708
Cliente 233406;PEQ5058;3553401
Cliente 233504;PEQ5060;3543402
Cliente 233570;PEQ5066;3538709
Cliente 233730;PEQ5071;3534708
Cliente 233752;PEQ5072;3503208
Cliente 233783;PEQ5075;3557105
Cliente 233795;PEQ5077;4122404
Cliente 233810;PEQ5079;4101507
Cliente 234006;PEQ5088;4108304
Cliente 234212;PEQ5091;3540804
Cliente 234217;PEQ5092;3517802
Cliente 234218;PEQ5093;3527108
Cliente 234401;PEQ5098;3515509
Cliente 234415;PEQ5099;3534708
Cliente 234421;PEQ5100;3538709
Cliente 234439;PEQ5101;4120705
Cliente 234509;PEQ5111;4111803
Cliente 234511;PEQ5112;4100400
Cliente 234609;PEQ5115;3541406
Cliente 234623;PEQ5116;4104808
Cliente 234636;PEQ5117;4101507
Cliente 234675;PEQ5119;4123907
Cliente 234778;PEQ5121;3504008
Cliente 234825;PEQ5124;3531407
Cliente 234845;PEQ5125;4124103
Cliente 234904;PEQ5127;3522505
Cliente 234979;PEQ5128;3532603
Cliente 234999;PEQ5129;4105508
Cliente 235008;PEQ5131;3550308
Cliente 235140;PEQ5135;3541406
Cliente 235275;PEQ5139;4104808
Cliente 235324;PEQ5140;3517802
Cliente 235382;PEQ5143;4123907
Cliente 235383;PEQ5144;4102406
Cliente 235389;PEQ5145;4109708
Cliente 235396;PEQ5147;4118204
Cliente 235438;PEQ5148;4113700
Cliente 235570;PEQ5153;3524808
Cliente 235572;PEQ5154;4105508
Cliente 235588;PEQ5155;4118204
Cliente 235596;PEQ5156;3506508
Cliente 235762;PEQ5158;4103701
Cliente 235763;PEQ5159;4128104
Cliente 235793;PEQ5160;3541406
Cliente 235970;PEQ5167;3517802
Cliente 235998;PEQ5170;3549805
Cliente 236035;PEQ5171;3506508
Cliente 236142;PEQ5174;3508108
Cliente 236196;PEQ5175;3518800
Cliente 236308;PEQ5177;3541406
Cliente 236319;PEQ5178;3550308
Cliente 236329;PEQ5179;4106902
Cliente 236374;PEQ5180;4111803
Cliente 236375;PEQ5181;4112801
Cliente 236403;PEQ5182;4107504
Cliente 236404;PEQ5183;4105508
Cliente 236405;PEQ5184;4123907
Cliente 236408;PEQ5185;3521606
Cliente 236422;PEQ5187;3506508
Cliente 236425;PEQ5188;3520509
Cliente 236511;PEQ5191;4106902
Cliente 236741;PEQ5195;3527108
Cliente 236743;PEQ5196;3533403
Cliente 236748;PEQ5197;3527108
Cliente 236807;PEQ5199;3537305
Cliente 236941;PEQ5204;3516705
Cliente 236942;PEQ5205;3534708
Cliente 237099;PEQ5207;4109708
Cliente 237101;PEQ5208;4121000
Cliente 237146;PEQ5211;3502804
Cliente 237172;PEQ5214;3537305
Cliente 237270;PEQ5217;3504008
Cliente 237336;PEQ5220;3535507
Cliente 237340;PEQ5221;3534708
Cliente 237342;PEQ5222;3535507
Cliente 237360;PEQ5223;4101507
Cliente 237403;PEQ5226;3541406
Cliente 237478;PEQ5233;3504008
Cliente 237480;PEQ5234;3510401
Cliente 237483;PEQ5235;3519071
Cliente 237512;PEQ5236;3541406
Cliente 237547;PEQ5240;3541406
Cliente 237562;PEQ5243;4111803
Cliente 237669;PEQ5248;3526902
Cliente 237817;PEQ5255;3546405
Cliente 237851;PEQ5256;4106902
Cliente 237893;PEQ5259;4119905
Cliente 237897;PEQ5260;4119905
Cliente 237970;PEQ5262;3541406
Cliente 238015;PEQ5263;3550308
Cliente 238037;PEQ5264;4111803
Cliente 238175;PEQ5269;3517802
Cliente 238255;PEQ5274;3552205
Cliente 238298;PEQ5279;4114807
Cliente 238315;PEQ5280;3527108
Cliente 238322;PEQ5281;4126256
Cliente 238351;PEQ5282;4102406
Cliente 238403;PEQ5284;4116901
Cliente 238429;PEQ5285;3519071
Cliente 238473;PEQ5288;3530300
Cliente 238526;PEQ5290;4127106
Cliente 238663;PEQ5293;3508108
Cliente 238750;PEQ5295;4101507
Cliente 238758;PEQ5296;3519071
Cliente 238824;PEQ5299;3552205
Cliente 238859;PEQ5302;4115200
Cliente 238955;PEQ5307;3534708
Cliente 238982;PEQ5310;4114807
Cliente 239002;PEQ5312;3557105
Cliente 239004;PEQ5313;3553401
Cliente 239112;PEQ5317;3538709
Cliente 239325;PEQ5319;3550308
Cliente 239357;PEQ5321;4124103
Cliente 239407;PEQ5322;4124103
Cliente 239624;PEQ5338;4205407
Cliente 239662;PEQ5339;3517802
Cliente 239733;PEQ5342;3543402
Cliente 239767;PEQ5345;3519071
Cliente 239777;PEQ5346;3549805
Cliente 239807;PEQ5349;3542404
Cliente 239842;PEQ5351;4109708
Cliente 239905;PEQ5355;3549805
Cliente 240113;PEQ5357;4103701
Cliente 240348;PEQ5365;3509502
Cliente 240400;PEQ5367;3511003
Cliente 240452;PEQ5369;4101507
Cliente 240583;PEQ5372;4114807
Cliente 240629;PEQ5377;3527108
Cliente 240644;PEQ5378;4100400
Cliente 240670;PEQ5379;4104808
Cliente 240793;PEQ5381;4119905
Cliente 240974;PEQ5385;3531407
Cliente 241008;PEQ5388;3525706
Cliente 241058;PEQ5392;4115200
Cliente 241193;PEQ5397;3529005
Cliente 241271;PEQ5399;3509502
Cliente 241372;PEQ5400;4101507
Cliente 241471;PEQ5406;3545803
Cliente 241540;PEQ5408;3520509
Cliente 241801;PEQ5412;3542404
Cliente 241952;PEQ5419;4106902
Cliente 241956;PEQ5420;4104808
Cliente 242057;PEQ5422;3550308
Cliente 242070;PEQ5424;3538709
Cliente 242126;PEQ5427;3510401
Cliente 242140;PEQ5429;3520509
Cliente 242148;PEQ5430;4103701
Cliente 242268;PEQ5435;4115200
Cliente 242464;PEQ5443;3549805
Cliente 242523;PEQ5446;3537305
Cliente 242776;PEQ5450;3537305
Cliente 242864;PEQ5452;3549805
Cliente 243054;PEQ5458;3505500
Cliente 243134;PEQ5459;4119905
Cliente 243174;PEQ5460;4109708
Cliente 243256;PEQ5463;3544608
Cliente 243616;PEQ5475;4118204
Cliente 243619;PEQ5476;4125506
Cliente 243644;PEQ5477;3550308
Cliente 243707;PEQ5478;4103701
Cliente 243732;PEQ5480;4119905
Cliente 243960;PEQ5487;4102406
Cliente 243973;PEQ5490;3502804
Cliente 244174;PEQ5494;3510401
Cliente 244262;PEQ5499;3536109
Cliente 244289;PEQ5500;4119905
Cliente 244320;PEQ5501;3508108
Cliente 244334;PEQ5503;4103701
Cliente 244363;PEQ5504;3536109
Cliente 244382;PEQ5507;3502804
Cliente 244414;PEQ5509;4106902
Cliente 244525;PEQ5517;3501608
Cliente 244660;PEQ5521;4103701
Cliente 244708;PEQ5524;3542404
Cliente 244723;PEQ5525;4126256
Cliente 244983;PEQ5528;3510401
Cliente 245005;PEQ5530;3551603
Cliente 245188;PEQ5534;4122404
Cliente 245722;PEQ5555;3506508
Cliente 245846;PEQ5561;4124103
Cliente 245886;PEQ5562;3542404
Cliente 246061;PEQ5569;3541406
Cliente 246081;PEQ5572;3527108
Cliente 246094;PEQ5574;3536109
Cliente 246120;PEQ5576;3530300
Cliente 246134;PEQ5579;4118204
Cliente 246135;PEQ5580;3504008
Cliente 246201;PEQ5584;3535507
Cliente 246357;PEQ5590;4111803
Cliente 246362;PEQ5591;3506508
Cliente 246562;PEQ5596;3538709
Cliente 246712;PEQ5599;3505500
Cliente 246794;PEQ5601;3134400
Cliente 247037;PEQ5608;4125506
Cliente 247274;PEQ5620;3525706
Cliente 247373;PEQ5622;3537305
Cliente 247389;PEQ5625;4110706
Cliente 247708;PEQ5631;4126256
Cliente 247774;PEQ5634;3508108
Cliente 247856;PEQ5638;3515509
Cliente 248043;PEQ5642;4118204
Cliente 248081;PEQ5643;4104808
Cliente 248150;PEQ5644;3514403
Cliente 248303;PEQ5646;3524808
Cliente 248536;PEQ5649;4113700
Cliente 248774;PEQ5656;3522505
Cliente 248921;PEQ5664;3510401
Cliente 249329;PEQ5681;3527108
Cliente 249956;PEQ5701;4119905
Cliente 250161;PEQ5706;4104808
Cliente 250166;PEQ5707;3537305
Cliente 250183;PEQ5711;4123907
Cliente 250400;PEQ5725;4116901
Cliente 250557;PEQ5739;3515509
Cliente 250667;PEQ5743;3542404
Cliente 250668;PEQ5744;3542404
Cliente 250752;PEQ5751;4126256
Cliente 250772;PEQ5753;3534708
Cliente 250965;PEQ5762;3506508
Cliente 250966;PEQ5763;3506508
Cliente 250968;PEQ5764;4111803
Cliente 250973;PEQ5766;3502804
Cliente 251165;PEQ5772;4117503
Cliente 251182;PEQ5773;4122404
Cliente 251261;PEQ5778;3525706
Cliente 251319;PEQ5785;4101507
Cliente 251391;PEQ5789;3506508
Cliente 251478;PEQ5792;3530300
Cliente 251570;PEQ5795;4109708
Cliente 251571;PEQ5796;4109708
Cliente 251665;PEQ5801;3505500
Cliente 251828;PEQ5810;3517802
Cliente 251868;PEQ5813;3534708
Cliente 251955;PEQ5818;3509502
Cliente 252047;PEQ5821;3127107
Cliente 259505;PEQ5869;3509502
Cliente 259674;PEQ5877;4106902
Cliente 259693;PEQ5881;3504008
Cliente 259725;PEQ5882;3527108
Cliente 260034;PEQ5890;3557105
Cliente 260507;PEQ5910;4106902
Cliente 260528;PEQ5917;3538709
Cliente 260596;PEQ5923;3506508
Cliente 260616;PEQ5924;4100400
Cliente 260936;PEQ5937;3527108
Cliente 260985;PEQ5941;3552205
Cliente 261026;PEQ5943;3531407
Cliente 261456;PEQ5961;3502804
Cliente 261577;PEQ5968;3530300
Cliente 261775;PEQ5985;3533403
Cliente 262958;PEQ5987;3550308
Cliente 264973;PEQ5988;3545803
Cliente 276740;PEQ5990;3518800
Cliente 277156;PEQ5992;4106902
Cliente 277563;PEQ5997;4101507
Cliente 277688;PEQ6005;3541406
Cliente 277690;PEQ6006;3542404
Cliente 277752;PEQ6008;3502804
Cliente 277799;PEQ6010;4128104
Cliente 277826;PEQ6013;3541406
Cliente 277867;PEQ6015;4109708
Cliente 278106;PEQ6021;4113700
Cliente 278161;PEQ6023;3502804
Cliente 278171;PEQ6024;3541406
Cliente 278360;PEQ6032;4102406
Cliente 278874;PEQ6034;3549805
Cliente 279631;PEQ6042;3550308
Cliente 279725;PEQ6047;4107504
Cliente 280079;PEQ6056;4118204
Cliente 280122;PEQ6060;4103701
Cliente 280285;PEQ6066;3557105
Cliente 280337;PEQ6071;4106902
Cliente 280353;PEQ6072;4111803
Cliente 280389;PEQ6077;4106902
Cliente 280390;PEQ6078;3529005
Cliente 280417;PEQ6081;4106902
Cliente 280467;PEQ6086;4106902
Cliente 280608;PEQ6098;3536109
Cliente 280664;PEQ6100;3529005
Cliente 280834;PEQ6108;4109708
Cliente 280835;PEQ6109;4109708
Cliente 281038;PEQ6112;4106902
Cliente 281299;PEQ6120;4115200
Cliente 281486;PEQ6125;4111803
Cliente 281655;PEQ6131;3534708
Cliente 281665;PEQ6132;3550308
Cliente 281756;PEQ6137;4106902
Cliente 281759;PEQ6139;4102406
Cliente 281799;PEQ6145;4106902
Cliente 281910;PEQ6149;3515509
Cliente 281929;PEQ6150;3525706
Cliente 281972;PEQ6152;3538709
Cliente 282207;PEQ6162;4102406
Cliente 282209;PEQ6164;4127106
Cliente 282211;PEQ6166;4113700
Cliente 282303;PEQ6174;3127107
Cliente 282384;PEQ6180;4110706
Cliente 282406;PEQ6187;4105508
Cliente 282414;PEQ6191;4105508
Cliente 282415;PEQ6192;3502804
Cliente 282417;PEQ6194;4101507
Cliente 282461;PEQ6197;4112801
Cliente 282477;PEQ6201;4126256
Cliente 282560;PEQ6206;4105508
Cliente 282725;PEQ6211;3530300
Cliente 282850;PEQ6216;4100400
Cliente 282851;PEQ6217;4125506
Cliente 283012;PEQ6230;3541406
Cliente 283022;PEQ6233;4118204
Cliente 283030;PEQ6237;4119905
Cliente 283046;PEQ6249;4105508
Cliente 283133;PEQ6257;4102406
Cliente 283166;PEQ6260;4101507
Cliente 283167;PEQ6261;4119905
Cliente 283181;PEQ6266;4111803
Cliente 283202;PEQ6269;4101507
Cliente 283237;PEQ6272;3534708
Cliente 283257;PEQ6276;3548708
Cliente 283261;PEQ6279;4107504
Cliente 283287;PEQ6286;4111803
Cliente 283291;PEQ6287;4127106
Cliente 283310;PEQ6289;3505500
Cliente 283359;PEQ6298;3532603
Cliente 283517;PEQ6313;3541406
Cliente 283520;PEQ6314;3542404
Cliente 283726;PEQ6323;3557105
Cliente 283747;PEQ6325;3520509
Cliente 283757;PEQ6327;4104808
Cliente 283760;PEQ6328;4113700
Cliente 283785;PEQ6330;3506508
Cliente 283916;PEQ6333;3503208
Cliente 283943;PEQ6339;3542404
Cliente 284050;PEQ6343;3545803
Cliente 284052;PEQ6344;3525706
Cliente 284057;PEQ6347;3557105
Cliente 284118;PEQ6355;3526902
Cliente 284141;PEQ6357;4101507
Cliente 284165;PEQ6358;3557105
Cliente 284183;PEQ6364;4105508
Cliente 284206;PEQ6369;3506508
Cliente 284217;PEQ6370;4101507
Cliente 284233;PEQ6371;4115200
Cliente 284235;PEQ6372;4117503
Cliente 284253;PEQ6384;4118204
Cliente 284264;PEQ6389;3539202
Cliente 284296;PEQ6391;3557105
Cliente 284310;PEQ6394;3541406
Cliente 284323;PEQ6397;4118204
Cliente 284328;PEQ6398;3550308
Cliente 284333;PEQ6399;4101507
Cliente 284355;PEQ6405;4105508
Cliente 284422;PEQ6420;3550308
Cliente 284428;PEQ6424;3550308
Cliente 284446;PEQ6429;3531407
Cliente 284456;PEQ6434;3520509
Cliente 284457;PEQ6435;3516705
Cliente 284466;PEQ6441;3530300
Cliente 284523;PEQ6450;3530300
Cliente 284530;PEQ6452;3555000
Cliente 284533;PEQ6454;3540804
Cliente 284552;PEQ6458;3506508
Cliente 284553;PEQ6459;3517802
Cliente 284591;PEQ6461;3548708
Cliente 284625;PEQ6468;3502804
Cliente 284653;PEQ6482;3523107
Cliente 284770;PEQ6490;4125506
Cliente 284771;PEQ6491;4126256
Cliente 284789;PEQ6496;3530300
Cliente 284804;PEQ6499;4104808
Cliente 284805;PEQ6500;4122404
Cliente 284814;PEQ6503;4118204
Cliente 284819;PEQ6507;4112801
Cliente 284820;PEQ6508;4107504
Cliente 284824;PEQ6510;3522505
Cliente 284836;PEQ6512;4112801
Cliente 284844;PEQ6514;4112801
Cliente 284845;PEQ6515;3537305
Cliente 284853;PEQ6516;4102406
Cliente 284860;PEQ6520;4106902
Cliente 284886;PEQ6524;4102406
Cliente 284887;PEQ6525;4123907
Cliente 284899;PEQ6530;3537305
Cliente 284904;PEQ6532;4100400
Cliente 284906;PEQ6533;4118204
Cliente 284929;PEQ6537;3506508
Cliente 284932;PEQ6540;4104808
Cliente 284941;PEQ6543;4111803
Cliente 284943;PEQ6544;3537305
Cliente 284944;PEQ6545;3522505
Cliente 284952;PEQ6551;3501608
Cliente 284955;PEQ6553;3550308
Cliente 284958;PEQ6554;3541406
Cliente 284959;PEQ6555;3520509
Cliente 284973;PEQ6559;3508108
Cliente 284981;PEQ6560;3515509
Cliente 284994;PEQ6567;3550308
Cliente 285010;PEQ6568;4119905
Cliente 285016;PEQ6570;3541406
Cliente 285067;PEQ6571;4111803
Cliente 285069;PEQ6573;4121000
Cliente 285082;PEQ6574;3527108
Cliente 285083;PEQ6575;3541406
Cliente 285086;PEQ6578;3509502
Cliente 285101;PEQ6582;3506508
Cliente 285117;PEQ6586;4100400
Cliente 285120;PEQ6588;4105508
Cliente 285131;PEQ6591;4109708
Cliente 285137;PEQ6593;4123907
Cliente 285140;PEQ6595;3522505
Cliente 285142;PEQ6596;3541406
Cliente 285145;PEQ6597;3541406
Cliente 285160;PEQ6599;4106902
Cliente 285211;PEQ6607;3549805
Cliente 285212;PEQ6608;3549805
Cliente 285213;PEQ6609;3541406
Cliente 285222;PEQ6613;3534708
Cliente 285223;PEQ6614;3511003
Cliente 285234;PEQ6615;3506508
Cliente 285237;PEQ6616;3522505
Cliente 285240;PEQ6618;3525706
Cliente 285242;PEQ6619;3510401
Cliente 285243;PEQ6620;3534708
Cliente 285244;PEQ6621;3549805
Cliente 285246;PEQ6622;3549805
Cliente 285247;PEQ6623;3549805
Cliente 285248;PEQ6624;3549805
Cliente 285249;PEQ6625;3549805
Cliente 285254;PEQ6627;3549805
Cliente 285255;PEQ6628;3549805
Cliente 285257;PEQ6630;3549805
Cliente 285264;PEQ6633;3549805
Cliente 285270;PEQ6635;4107504
Cliente 285272;PEQ6637;4104808
Cliente 285297;PEQ6643;3550308
Cliente 285305;PEQ6647;3549805
Cliente 285313;PEQ6650;4104808
Cliente 285317;PEQ6651;3557105
Cliente 285318;PEQ6652;3523107
Cliente 285348;PEQ6659;3541406
Cliente 285349;PEQ6660;3531407
Cliente 285350;PEQ6661;3541406
Cliente 285351;PEQ6662;3541406
Cliente 285352;PEQ6663;3541406
Cliente 285353;PEQ6664;3541406
Cliente 285355;PEQ6665;3541406
Cliente 285356;PEQ6666;3541406
Cliente 285357;PEQ6667;3541406
Cliente 285363;PEQ6669;3541406
Cliente 285367;PEQ6673;3541406
Cliente 285368;PEQ6674;3541406
Cliente 285371;PEQ6675;3541406
Cliente 285378;PEQ6678;4106902
Cliente 285418;PEQ6692;3529005
Cliente 285426;PEQ6699;3529005
Cliente 285428;PEQ6700;3542404
Cliente 285445;PEQ6706;4102406
Cliente 285448;PEQ6707;3533403
Cliente 285460;PEQ6709;3541406
Cliente 285462;PEQ6711;3549805
Cliente 285464;PEQ6713;3542404
Cliente 285468;PEQ6714;3549805
Cliente 285474;PEQ6715;3541406
Cliente 285475;PEQ6716;4104808
Cliente 285476;PEQ6717;3534708
Cliente 285478;PEQ6718;3541406
Cliente 285490;PEQ6723;3553401
Cliente 285496;PEQ6725;4101507
Cliente 285506;PEQ6730;3522505
Cliente 285507;PEQ6731;4112801
Cliente 285514;PEQ6733;4115200
Cliente 285515;PEQ6734;3541406
Cliente 285516;PEQ6735;3541406
Cliente 285517;PEQ6736;4126256
Cliente 285518;PEQ6737;3539202
Cliente 285521;PEQ6738;3539202
Cliente 285531;PEQ6743;3541406
Cliente 285533;PEQ6744;3550308
Cliente 285543;PEQ6747;3541406
Cliente 285559;PEQ6749;3548708
Cliente 285562;PEQ6751;3549805
Cliente 285567;PEQ6752;3541406
Cliente 285574;PEQ6753;3547809
Cliente 285579;PEQ6755;3541406
Cliente 285582;PEQ6757;4105508
Cliente 285583;PEQ6758;4115200
Cliente 285585;PEQ6759;3549805
Cliente 285589;PEQ6761;3516705
Cliente 285590;PEQ6762;3543402
Cliente 285599;PEQ6768;4105508
Cliente 285606;PEQ6769;3541406
Cliente 285607;PEQ6770;3541406
Cliente 285608;PEQ6771;3541406
Cliente 285612;PEQ6773;3547809
Cliente 285613;PEQ6774;3542404
Cliente 285614;PEQ6775;3547809
Cliente 285619;PEQ6778;3549805
Cliente 285620;PEQ6779;3549805
Cliente 285623;PEQ6781;3549805
Cliente 285640;PEQ6788;3529005
Cliente 285644;PEQ6791;4122404
Cliente 285645;PEQ6792;4103701
Cliente 285648;PEQ6793;4104808
Cliente 285656;PEQ6795;3535507
Cliente 285658;PEQ6796;3535507
Cliente 285664;PEQ6797;3535507
Cliente 285668;PEQ6800;3541406
Cliente 285669;PEQ6801;3525706
Cliente 285671;PEQ6802;3541406
Cliente 285675;PEQ6803;3549805
Cliente 285677;PEQ6804;3549805
Cliente 285679;PEQ6805;3508108
Cliente 285680;PEQ6806;3502804
Cliente 285683;PEQ6807;3554102
Cliente 285684;PEQ6808;3507605
Cliente 285685;PEQ6809;3539202
Cliente 285686;PEQ6810;3539202
Cliente 285706;PEQ6814;3541406
Cliente 285707;PEQ6815;3541406
Cliente 285719;PEQ6818;3530300
Cliente 285721;PEQ6819;3530300
Cliente 285722;PEQ6820;3553401
Cliente 285729;PEQ6825;3549805
Cliente 285730;PEQ6826;3549805
Cliente 285734;PEQ6828;4104808
Cliente 285735;PEQ6829;4103701
Cliente 285736;PEQ6830;4104808
Cliente 285746;PEQ6831;3554102
Cliente 285749;PEQ6832;3549805
Cliente 285754;PEQ6835;3549805
Cliente 285760;PEQ6836;4111803
Cliente 285761;PEQ6837;3525706
Cliente 285763;PEQ6838;3541406
Cliente 285764;PEQ6839;3541406
Cliente 285776;PEQ6846;3518800
Cliente 285779;PEQ6847;3548708
Cliente 285780;PEQ6848;3549805
Cliente 285782;PEQ6850;3550308
Cliente 285787;PEQ6852;3555000
Cliente 285788;PEQ6853;3529005
Cliente 285793;PEQ6855;3535507
Cliente 285795;PEQ6857;3534708
Cliente 285809;PEQ6858;3524808
Cliente 285817;PEQ6860;4104808
Cliente 285819;PEQ6861;4110706
Cliente 285821;PEQ6863;4107504
Cliente 285822;PEQ6864;4124103
Cliente 285824;PEQ6865;3542404
Cliente 285832;PEQ6866;3535507
Cliente 285833;PEQ6867;3535507
Cliente 285834;PEQ6868;3535507
Cliente 285835;PEQ6869;3535507
Cliente 285836;PEQ6870;3535507
Cliente 285837;PEQ6871;3541406
Cliente 285841;PEQ6873;3506508
Cliente 285842;PEQ6874;4110706
Cliente 285849;PEQ6875;3549805
Cliente 285851;PEQ6877;3550308
Cliente 285852;PEQ6878;3549805
Cliente 285855;PEQ6880;3554102
Cliente 285858;PEQ6881;3502804
Cliente 285859;PEQ6882;3517802
Cliente 285871;PEQ6884;3521606
Cliente 285873;PEQ6885;3521606
Cliente 285876;PEQ6886;3521606
Cliente 285882;PEQ6887;3512407
Cliente 285903;PEQ6890;4107504
Cliente 285905;PEQ6891;3541406
Cliente 285906;PEQ6892;3541406
Cliente 285910;PEQ6893;3509502
Cliente 285911;PEQ6894;3541406
Cliente 285925;PEQ6897;4128104
Cliente 285926;PEQ6898;4128104
Cliente 285950;PEQ6900;3550308
Cliente 285959;PEQ6901;3535507
Cliente 285978;PEQ6904;3539202
Cliente 285982;PEQ6905;4103701
Cliente 285983;PEQ6906;3534708
Cliente 285989;PEQ6907;4108304
Cliente 286000;PEQ6908;3549805
Cliente 286003;PEQ6909;3509502
Cliente 286016;PEQ6911;4113700
Cliente 286017;PEQ6912;3539202
Cliente 286037;PEQ6913;3541406
Cliente 286042;PEQ6914;3552205
Cliente 286050;PEQ6916;4113700
Cliente 286167;PEQ6922;3509502
Cliente 286172;PEQ6924;3529005
Cliente 286173;PEQ6925;3529005
Cliente 286174;PEQ6926;3529005
Cliente 286195;PEQ6929;4115200
Cliente 286197;PEQ6930;3542404
Cliente 286199;PEQ6931;3535507
Cliente 286204;PEQ6932;3526902
Cliente 286206;PEQ6933;3526902
Cliente 286209;PEQ6934;3526902
Cliente 286210;PEQ6935;3515509
Cliente 286224;PEQ6938;3550308
Cliente 286226;PEQ6939;3549805
Cliente 286254;PEQ6941;3509502
Cliente 286288;PEQ6945;4125506
Cliente 286331;PEQ6946;3509502
Cliente 286332;PEQ6947;3509502
Cliente 286335;PEQ6948;3514403
Cliente 286337;PEQ6949;4124103
Cliente 286338;PEQ6950;3520509
Cliente 286341;PEQ6951;4109708
Cliente 286342;PEQ6952;4124103
Cliente 286350;PEQ6958;4112801
Cliente 286363;PEQ6959;4123907
Cliente 286367;PEQ6961;3541406
Cliente 286370;PEQ6962;4106902
Cliente 286371;PEQ6963;3547809
Cliente 286387;PEQ6965;3555000
Cliente 286389;PEQ6966;3507605
Cliente 286390;PEQ6967;3511003
Cliente 286391;PEQ6968;3511003
Cliente 286392;PEQ6969;3511003
Cliente 286393;PEQ6970;4126256
Cliente 286409;PEQ6971;3545803
Cliente 286412;PEQ6973;4126256
Cliente 286415;PEQ6975;4126256
Cliente 286416;PEQ6976;4126256
Cliente 286417;PEQ6977;4126256
Cliente 286419;PEQ6978;4126256
Cliente 286434;PEQ6981;3521606
Cliente 286437;PEQ6982;4102406
Cliente 286443;PEQ6983;3510401
Cliente 286447;PEQ6986;4126256
Cliente 286464;PEQ6988;4101507
Cliente 286479;PEQ6989;3304557
Cliente 286480;PEQ6990;3205200
Cliente 286481;PEQ6991;4205407
Cliente 286482;PEQ6992;3304557
Cliente 286483;PEQ6993;3151800
Cliente 286485;PEQ6994;1302603
Cliente 286490;PEQ6995;4122404
Cliente 286492;PEQ6996;4115200
Cliente 286503;PEQ6997;4106902
Cliente 286504;PEQ6998;3304557
Cliente 286506;PEQ7000;3550308
Cliente 286508;PEQ7002;3543402
Cliente 286510;PEQ7003;3550308
Cliente 286517;PEQ7004;3550308
Cliente 286521;PEQ7005;3550308
Cliente 286523;PEQ7006;3550308
Cliente 286524;PEQ7007;3548708
Cliente 286526;PEQ7008;3548708
Cliente 286527;PEQ7009;3550308
Cliente 286528;PEQ7010;3550308
Cliente 286529;PEQ7011;3550308
Cliente 286531;PEQ7012;3550308
Cliente 286532;PEQ7013;3550308
Cliente 286533;PEQ7014;3511003
Cliente 286534;PEQ7015;3550308
Cliente 286535;PEQ7016;3526902
Cliente 286536;PEQ7017;3547809
Cliente 286537;PEQ7018;3535507
Cliente 286538;PEQ7019;3550308
Cliente 286539;PEQ7020;3505500
Cliente 286541;PEQ7022;3550308
Cliente 286543;PEQ7023;3550308
Cliente 286544;PEQ7024;3500105
Cliente 286545;PEQ7025;3550308
Cliente 286546;PEQ7026;3550308
Cliente 286547;PEQ7027;3538709
Cliente 286549;PEQ7028;3550308
Cliente 286550;PEQ7029;3518800
Cliente 286552;PEQ7030;3550308
Cliente 286553;PEQ7031;3550308
Cliente 286554;PEQ7032;3548708
Cliente 286555;PEQ7033;3518800
Cliente 286556;PEQ7034;3550308
Cliente 286557;PEQ7035;3550308
Cliente 286558;PEQ7036;3550308
Cliente 286559;PEQ7037;3501608
Cliente 286561;PEQ7038;3550308
Cliente 286562;PEQ7039;3550308
Cliente 286563;PEQ7040;3513009
Cliente 286569;PEQ7042;3550308
Cliente 286570;PEQ7043;3550308
Cliente 286574;PEQ7045;3550308
Cliente 286575;PEQ7046;3502804
Cliente 286576;PEQ7047;3550308
Cliente 286578;PEQ7048;3550308
Cliente 286580;PEQ7049;3550308
Cliente 286581;PEQ7050;3550308
Cliente 286583;PEQ7051;3550308
Cliente 286585;PEQ7052;3550308
Cliente 286586;PEQ7053;3550308
Cliente 286588;PEQ7055;3550308
Cliente 286591;PEQ7056;3550308
Cliente 286592;PEQ7057;3550308
Cliente 286593;PEQ7058;3550308
Cliente 286597;PEQ7060;3550308
Cliente 286598;PEQ7061;3550308
Cliente 286599;PEQ7062;3550308
Cliente 286600;PEQ7063;3550308
Cliente 286601;PEQ7064;3550308
Cliente 286602;PEQ7065;3550308
Cliente 286604;PEQ7066;3538709
Cliente 286607;PEQ7067;3550308
Cliente 286608;PEQ7068;3550308
Cliente 286609;PEQ7069;3556206
Cliente 286610;PEQ7070;3550308
Cliente 286611;PEQ7071;3550308
Cliente 286613;PEQ7073;3550308
Cliente 286614;PEQ7074;3550308
Cliente 286615;PEQ7075;3503208
Cliente 286616;PEQ7076;3550308
Cliente 286618;PEQ7077;3550308
Cliente 286620;PEQ7078;3106200
Cliente 286621;PEQ7079;3550308
Cliente 286622;PEQ7080;3554102
Cliente 286623;PEQ7081;3550308
Cliente 286624;PEQ7082;3550308
Cliente 286625;PEQ7083;3518800
Cliente 286627;PEQ7084;3550308
Cliente 286629;PEQ7086;3550308
Cliente 286630;PEQ7087;3534708
Cliente 286631;PEQ7088;3550308
Cliente 286632;PEQ7089;3550308
Cliente 286633;PEQ7090;3550308
Cliente 286634;PEQ7091;3550308
Cliente 286636;PEQ7092;3549805
Cliente 286638;PEQ7094;3550308
Cliente 286640;PEQ7095;3550308
Cliente 286641;PEQ7096;3550308
Cliente 286642;PEQ7097;3550308
Cliente 286643;PEQ7098;3550308
Cliente 286645;PEQ7099;3549805
Cliente 286647;PEQ7100;3549805
Cliente 286651;PEQ7102;3503208
Cliente 286652;PEQ7103;3550308
Cliente 286654;PEQ7105;3525706
Cliente 286658;PEQ7107;3550308
Cliente 286659;PEQ7108;3550308
Cliente 286661;PEQ7109;3550308
Cliente 286663;PEQ7110;3550308
Cliente 286664;PEQ7111;3550308
Cliente 286665;PEQ7112;3550308
Cliente 286666;PEQ7113;3550308
Cliente 286670;PEQ7117;3550308
Cliente 286671;PEQ7118;3505500
Cliente 286672;PEQ7119;4216602
Cliente 286677;PEQ7121;3510401
Cliente 286679;PEQ7122;3550308
Cliente 286680;PEQ7123;3550308
Cliente 286681;PEQ7124;3550308
Cliente 286682;PEQ7125;3552205
Cliente 286683;PEQ7126;3550308
Cliente 286695;PEQ7134;3504008
Cliente 286696;PEQ7135;3550308
Cliente 286697;PEQ7136;3550308
Cliente 286698;PEQ7137;3550308
Cliente 286699;PEQ7138;3550308
Cliente 286703;PEQ7142;3550308
Cliente 286704;PEQ7143;3514403
Cliente 286706;PEQ7144;3533403
Cliente 286709;PEQ7145;3549805
Cliente 286711;PEQ7146;3550308
Cliente 286725;PEQ7149;3505500
Cliente 286732;PEQ7151;3507605
Cliente 286738;PEQ7153;3550308
Cliente 286739;PEQ7154;3550308
Cliente 286740;PEQ7155;3550308
Cliente 286741;PEQ7156;3550308
Cliente 286744;PEQ7157;3526902
Cliente 286749;PEQ7158;3550308
Cliente 286751;PEQ7159;3550308
Cliente 286752;PEQ7160;3523107
Cliente 286754;PEQ7161;3509502
Cliente 286759;PEQ7162;3526902
Cliente 286768;PEQ7165;3550308
Cliente 286775;PEQ7168;3509502
Cliente 286776;PEQ7169;3552205
Cliente 286778;PEQ7170;3509502
Cliente 286783;PEQ7174;3518800
Cliente 286784;PEQ7175;3552205
Cliente 286785;PEQ7176;3550308
Cliente 286786;PEQ7177;3304557
Cliente 286787;PEQ7178;3550308
Cliente 286790;PEQ7179;3547809
Cliente 286792;PEQ7180;3550308
Cliente 286793;PEQ7181;3550308
Cliente 286794;PEQ7182;3550308
Cliente 286795;PEQ7183;3550308
Cliente 286796;PEQ7184;3550308
Cliente 286798;PEQ7185;3550308
Cliente 286799;PEQ7186;3550308
Cliente 286801;PEQ7187;3550308
Cliente 286802;PEQ7188;3550308
Cliente 286803;PEQ7189;3550308
Cliente 286838;PEQ7190;3550308
Cliente 286842;PEQ7192;3550308
Cliente 286843;PEQ7193;3550308
Cliente 286844;PEQ7194;3550308
Cliente 286846;PEQ7195;3550308
Cliente 286848;PEQ7197;3550308
Cliente 286849;PEQ7198;3550308
Cliente 286850;PEQ7199;3550308
Cliente 286851;PEQ7200;3547809
Cliente 286852;PEQ7201;3550308
Cliente 286853;PEQ7202;3548708
Cliente 286854;PEQ7203;3547809
Cliente 286858;PEQ7204;3550308
Cliente 286861;PEQ7205;3550308
Cliente 286862;PEQ7206;3550308
Cliente 286863;PEQ7207;3521606
Cliente 286864;PEQ7208;3507605
Cliente 286867;PEQ7210;3127107
Cliente 286868;PEQ7211;3550308
Cliente 286872;PEQ7212;3516705
Cliente 286877;PEQ7214;3550308
Cliente 286879;PEQ7215;5300108
Cliente 286882;PEQ7216;3550308
Cliente 286883;PEQ7217;3555000
Cliente 286884;PEQ7218;3529005
Cliente 286885;PEQ7219;3550308
Cliente 286886;PEQ7220;3509502
Cliente 286898;PEQ7225;3550308
Cliente 286899;PEQ7226;4128104
Cliente 286907;PEQ7229;3550308
Cliente 286908;PEQ7230;3550308
Cliente 286919;PEQ7232;3518800
Cliente 286920;PEQ7233;3550308
Cliente 286925;PEQ7236;3548708
Cliente 286933;PEQ7238;3550308
Cliente 286934;PEQ7239;3550308
Cliente 286935;PEQ7240;3550308
Cliente 286947;PEQ7243;3504008
Cliente 286955;PEQ7247;3530300
Cliente 286956;PEQ7248;3526902
Cliente 286957;PEQ7249;3526902
Cliente 286975;PEQ7251;3509502
Cliente 286977;PEQ7253;3550308
Cliente 286981;PEQ7256;3550308
Cliente 286983;PEQ7257;3550308
Cliente 286984;PEQ7258;3550308
Cliente 286986;PEQ7260;3550308
Cliente 286987;PEQ7261;3523107
Cliente 286991;PEQ7263;3550308
Cliente 286993;PEQ7264;3550308
Cliente 286994;PEQ7265;3554102
Cliente 286995;PEQ7266;3551603
Cliente 286998;PEQ7267;3550308
Cliente 287005;PEQ7271;3550308
Cliente 287006;PEQ7272;1702109
Cliente 287008;PEQ7274;3550308
Cliente 287013;PEQ7276;3541406
Cliente 287015;PEQ7278;3550308
Cliente 287021;PEQ7279;4126256
Cliente 287024;PEQ7280;3506508
Cliente 287025;PEQ7281;5103403
Cliente 287029;PEQ7282;3504008
Cliente 287036;PEQ7284;3550308
Cliente 287037;PEQ7285;3550308
Cliente 287040;PEQ7287;3548708
Cliente 287041;PEQ7288;3550308
Cliente 287044;PEQ7289;3550308
Cliente 287045;PEQ7290;3550308
Cliente 287046;PEQ7291;3550308
Cliente 287050;PEQ7293;3550308
Cliente 287053;PEQ7295;3550308
Cliente 287057;PEQ7297;3550308
Cliente 287058;PEQ7298;3550308
Cliente 287060;PEQ7299;3550308
Cliente 287062;PEQ7300;3526902
Cliente 287063;PEQ7301;3550308
Cliente 287071;PEQ7305;3535507
Cliente 287072;PEQ7306;3506508
Cliente 287078;PEQ7308;3550308
Cliente 287079;PEQ7309;3550308
Cliente 287080;PEQ7310;3530300
Cliente 287081;PEQ7311;3548708
Cliente 287089;PEQ7313;3550308
Cliente 287092;PEQ7314;3550308
Cliente 287095;PEQ7316;3509502
Cliente 287100;PEQ7317;3523107
Cliente 287119;PEQ7318;3550308
Cliente 287121;PEQ7319;3556206
Cliente 287123;PEQ7321;3518800
Cliente 287127;PEQ7322;3550308
Cliente 287128;PEQ7323;3550308
Cliente 287129;PEQ7324;3550308
Cliente 287130;PEQ7325;3550308
Cliente 287131;PEQ7326;3547809
Cliente 287132;PEQ7327;3509502
Cliente 287134;PEQ7328;3550308
Cliente 287135;PEQ7329;3543402
Cliente 287140;PEQ7330;3550308
Cliente 287171;PEQ7331;4104808
Cliente 287175;PEQ7332;3550308
Cliente 287177;PEQ7333;3550308
Cliente 287179;PEQ7334;3550308
Cliente 287181;PEQ7335;3303302
Cliente 287182;PEQ7336;3550308
Cliente 287184;PEQ7337;3550308
Cliente 287185;PEQ7338;3550308
Cliente 287186;PEQ7339;3550308
Cliente 287191;PEQ7341;3550308
Cliente 287196;PEQ7342;3550308
Cliente 287197;PEQ7343;3554102
Cliente 287200;PEQ7344;3550308
Cliente 287205;PEQ7347;3518800
Cliente 287206;PEQ7348;3550308
Cliente 287207;PEQ7349;3550308
Cliente 287208;PEQ7350;3550308
Cliente 287211;PEQ7351;3550308
Cliente 287215;PEQ7352;3151800
Cliente 287217;PEQ7353;3550308
Cliente 287218;PEQ7354;3551603
Cliente 287219;PEQ7355;3513009
Cliente 287221;PEQ7356;3550308
Cliente 287223;PEQ7357;3550308
Cliente 287224;PEQ7358;3550308
Cliente 287226;PEQ7359;3550308
Cliente 287227;PEQ7360;3506508
Cliente 287228;PEQ7361;3550308
Cliente 287233;PEQ7362;3509502
Cliente 287234;PEQ7363;3509502
Cliente 287242;PEQ7366;3550308
Cliente 287244;PEQ7367;3550308
Cliente 287245;PEQ7368;3550308
Cliente 287268;PEQ7370;4125506
Cliente 287269;PEQ7371;4125506
Cliente 287289;PEQ7374;4125506
Cliente 287294;PEQ7375;3556206
Cliente 287295;PEQ7376;3547809
Cliente 287297;PEQ7377;3547809
Cliente 287314;PEQ7378;3537305
Cliente 287320;PEQ7380;4104808
Cliente 287321;PEQ7381;4127106
Cliente 287325;PEQ7382;4127106
Cliente 287328;PEQ7384;3552205
Cliente 287335;PEQ7385;4126256
Cliente 287341;PEQ7386;4126256
Cliente 287342;PEQ7387;4126256
Cliente 287343;PEQ7388;3550308
Cliente 287344;PEQ7389;3550308
Cliente 287353;PEQ7391;3550308
Cliente 287354;PEQ7392;3552205
Cliente 287385;PEQ7393;4126256
Cliente 287386;PEQ7394;4101507
Cliente 287392;PEQ7397;4105508
Cliente 287422;PEQ7398;3506508
Cliente 287427;PEQ7399;4125506
Cliente 287428;PEQ7400;3509502
Cliente 287429;PEQ7401;3125101
Cliente 287438;PEQ7404;4126256
Cliente 287442;PEQ7405;3550308
Cliente 287443;PEQ7406;3550308
Cliente 287444;PEQ7407;3501608
Cliente 287447;PEQ7408;4205407
Cliente 287450;PEQ7409;3550308
Cliente 287456;PEQ7410;4101507
Cliente 287457;PEQ7411;4115200
Cliente 287468;PEQ7412;4106902
Cliente 287469;PEQ7413;3541406
Cliente 287485;PEQ7415;3550308
Cliente 287523;PEQ7416;3550308
Cliente 287525;PEQ7417;4112801
Cliente 287539;PEQ7419;3304557
Cliente 287544;PEQ7420;3550308
Cliente 287563;PEQ7424;3541406
Cliente 287565;PEQ7426;3509502
Cliente 287577;PEQ7431;4126256
Cliente 287586;PEQ7432;3530300
Cliente 287592;PEQ7433;3507605
Cliente 287640;PEQ7435;4117503
Cliente 287641;PEQ7436;4117503
Cliente 287660;PEQ7439;3543402
Cliente 287662;PEQ7441;4104808
Cliente 287681;PEQ7443;3537305
Cliente 287685;PEQ7444;3549805
Cliente 287689;PEQ7445;4122404
Cliente 287708;PEQ7446;3541406
Cliente 287709;PEQ7447;4126256
Cliente 287711;PEQ7449;4126256
Cliente 287716;PEQ7450;3541406
Cliente 287718;PEQ7451;3304557
Cliente 287720;PEQ7452;3516705
Cliente 287731;PEQ7455;3547809
Cliente 287737;PEQ7458;3524808
Cliente 287738;PEQ7459;3520509
Cliente 287752;PEQ7462;4119905
Cliente 287783;PEQ7463;4124103
Cliente 287785;PEQ7465;3552205
Cliente 287789;PEQ7466;3541406
Cliente 287792;PEQ7467;4128104
Cliente 287796;PEQ7469;4128104
Cliente 287799;PEQ7471;3535507
Cliente 287801;PEQ7473;3555000
Cliente 287804;PEQ7474;3502804
Cliente 287805;PEQ7475;3515509
Cliente 287806;PEQ7476;4125506
Cliente 287807;PEQ7477;3502804
Cliente 287808;PEQ7478;3506508
Cliente 287823;PEQ7480;3529005
Cliente 287864;PEQ7482;3546405
Cliente 287869;PEQ7484;3538709
Cliente 287872;PEQ7485;3538709
Cliente 287878;PEQ7486;3506508
Cliente 287879;PEQ7487;3524808
Cliente 287881;PEQ7488;3518800
Cliente 287888;PEQ7489;3506508
Cliente 287897;PEQ7490;3541406
Cliente 287921;PEQ7494;3507605
Cliente 287924;PEQ7495;3553401
Cliente 287925;PEQ7496;4106902
Cliente 287927;PEQ7497;4109708
Cliente 287934;PEQ7498;3545803
Cliente 287937;PEQ7499;3541406
Cliente 287938;PEQ7500;3541406
Cliente 287941;PEQ7501;4119905
Cliente 287973;PEQ7502;4107504
Cliente 287975;PEQ7503;4127106
Cliente 287992;PEQ7510;4112801
Cliente 288000;PEQ7511;4118204
Cliente 288022;PEQ7514;3526902
Cliente 288023;PEQ7515;3531407
Cliente 288054;PEQ7518;3524808
Cliente 288092;PEQ7520;4101507
Cliente 288126;PEQ7521;3514403
Cliente 288127;PEQ7522;4109708
Cliente 288142;PEQ7526;3550308
Cliente 288145;PEQ7527;4124103
Cliente 288151;PEQ7528;4112801
Cliente 288152;PEQ7529;4111803
Cliente 288154;PEQ7530;3541406
Cliente 288177;PEQ7532;3516705
Cliente 288231;PEQ7537;4101507
Cliente 288306;PEQ7540;4101507
Cliente 288308;PEQ7542;3506508
Cliente 288311;PEQ7543;3523107
Cliente 288316;PEQ7545;3506508
Cliente 288323;PEQ7546;3525706
Cliente 288329;PEQ7548;4119905
Cliente 288331;PEQ7549;3535507
Cliente 288333;PEQ7550;4115200
Cliente 288340;PEQ7551;4106902
Cliente 288353;PEQ7552;3506508
Cliente 288391;PEQ7554;3524808
Cliente 288414;PEQ7556;4112801
Cliente 288419;PEQ7558;3527108
Cliente 288450;PEQ7559;4107504
Cliente 288452;PEQ7560;4119905
Cliente 288462;PEQ7561;4106902
Cliente 288463;PEQ7562;4107504
Cliente 288497;PEQ7578;4109708
Cliente 288511;PEQ7582;4106902
Cliente 288520;PEQ7584;4106902
Cliente 288532;PEQ7585;4125506
Cliente 288542;PEQ7587;3556206
Cliente 288561;PEQ7591;4102406
Cliente 288611;PEQ7600;3541406
Cliente 288636;PEQ7606;4113700
Cliente 288651;PEQ7612;3557105
Cliente 288669;PEQ7614;4106902
Cliente 288692;PEQ7615;3522505
Cliente 288712;PEQ7617;3553401
Cliente 288716;PEQ7618;3514403
Cliente 288718;PEQ7619;3553401
Cliente 288719;PEQ7620;3553401
Cliente 288722;PEQ7621;4125506
Cliente 288747;PEQ7625;4126256
Cliente 288754;PEQ7627;3506508
Cliente 288755;PEQ7628;3513009
Cliente 288757;PEQ7629;3518800
Cliente 288776;PEQ7631;4101507
Cliente 288777;PEQ7632;3535507
Cliente 288782;PEQ7633;4107504
Cliente 288810;PEQ7649;3550308
Cliente 288819;PEQ7651;4113700
Cliente 288821;PEQ7652;4104808
Cliente 288822;PEQ7653;3523107
Cliente 288828;PEQ7654;3519071
Cliente 288838;PEQ7656;4104808
Cliente 288922;PEQ7657;4100400
Cliente 288929;PEQ7658;4121000
Cliente 288930;PEQ7659;3543402
Cliente 288950;PEQ7661;3524808
Cliente 288959;PEQ7664;4103701
Cliente 288960;PEQ7665;4100400
Cliente 288961;PEQ7666;4102406
Cliente 288967;PEQ7668;4106902
Cliente 288978;PEQ7669;3510401
Cliente 288980;PEQ7670;3506508
Cliente 288984;PEQ7671;4104808
Cliente 288986;PEQ7672;4106902
Cliente 289013;PEQ7677;4106902
Cliente 289051;PEQ7679;3550308
Cliente 289052;PEQ7680;3523107
Cliente 289055;PEQ7681;4106902
Cliente 289063;PEQ7684;3554102
Cliente 289068;PEQ7685;4113700
Cliente 289071;PEQ7686;4104808
Cliente 289072;PEQ7687;4106902
Cliente 289084;PEQ7689;3542404
Cliente 289113;PEQ7690;3502804
Cliente 289158;PEQ7693;4102406
Cliente 289245;PEQ7699;3555000
Cliente 289260;PEQ7702;3304557
Cliente 289261;PEQ7703;4106902
Cliente 289263;PEQ7705;3550308
Cliente 289329;PEQ7711;3201902
Cliente 289384;PEQ7713;3501608
Cliente 289386;PEQ7714;3530300
Cliente 289443;PEQ7717;3518800
Cliente 289462;PEQ7722;3551603
Cliente 289466;PEQ7724;3556206
Cliente 289501;PEQ7727;3502804
Cliente 289524;PEQ7728;4126256
Cliente 289526;PEQ7729;4112801
Cliente 289527;PEQ7730;4115200
Cliente 289537;PEQ7732;4119905
Cliente 289553;PEQ7735;3550308
Cliente 289581;PEQ7739;4118204
Cliente 289610;PEQ7741;4106902
Cliente 289621;PEQ7749;3500105
Cliente 289640;PEQ7752;3502804
Cliente 289646;PEQ7754;3503208
Cliente 289655;PEQ7756;4106902
Cliente 289723;PEQ7761;3549805
Cliente 289742;PEQ7765;3516705
Cliente 289764;PEQ7770;4106902
Cliente 289777;PEQ7773;3550308
Cliente 289782;PEQ7775;4118204
Cliente 289784;PEQ7776;3556206
Cliente 289810;PEQ7778;3519071
Cliente 289811;PEQ7779;4104808
Cliente 289812;PEQ7780;4106902
Cliente 289816;PEQ7782;3502804
Cliente 289836;PEQ7785;3530300
Cliente 289839;PEQ7786;3506508
Cliente 289858;PEQ7790;3516705
Cliente 289887;PEQ7792;3507605
Cliente 289906;PEQ7795;3507605
Cliente 289909;PEQ7796;3502804
Cliente 289937;PEQ7798;3557105
Cliente 289938;PEQ7799;3516705
Cliente 289956;PEQ7801;3502804
Cliente 289957;PEQ7802;3555000
Cliente 289963;PEQ7804;4106902
Cliente 289964;PEQ7805;3529005
Cliente 289973;PEQ7806;3549805
Cliente 289974;PEQ7807;3549805
Cliente 289976;PEQ7808;3535507
Cliente 289986;PEQ7811;3549805
Cliente 289987;PEQ7812;3549805
Cliente 290005;PEQ7814;3549805
Cliente 290006;PEQ7815;3549805
Cliente 290007;PEQ7816;4113700
Cliente 290009;PEQ7818;3517802
Cliente 290028;PEQ7825;3534708
Cliente 290032;PEQ7826;3516705
Cliente 290038;PEQ7828;4113700
Cliente 290039;PEQ7829;3550308
Cliente 290040;PEQ7830;3522505
Cliente 290041;PEQ7831;3520509
Cliente 290058;PEQ7834;3540804
Cliente 290061;PEQ7835;4125506
Cliente 290063;PEQ7836;4106902
Cliente 290083;PEQ7842;4101507
Cliente 290092;PEQ7844;4106902
Cliente 290098;PEQ7845;4104808
Cliente 290108;PEQ7846;3557105
Cliente 290133;PEQ7853;4105508
Cliente 290140;PEQ7857;3534708
Cliente 290141;PEQ7858;4214805
Cliente 290144;PEQ7859;3525706
Cliente 290145;PEQ7860;3525706
Cliente 290155;PEQ7863;3534708
Cliente 290164;PEQ7864;4124103
Cliente 290165;PEQ7865;3534708
Cliente 290180;PEQ7867;3529005
Cliente 290183;PEQ7868;3304557
Cliente 290187;PEQ7870;3529005
Cliente 290193;PEQ7871;3529005
Cliente 290196;PEQ7872;3529005
Cliente 290199;PEQ7874;4125506
Cliente 290204;PEQ7876;4104808
Cliente 290208;PEQ7877;4101507
Cliente 290213;PEQ7878;3529005
Cliente 290219;PEQ7879;4125506
Cliente 290221;PEQ7880;3502804
Cliente 290227;PEQ7882;3557105
Cliente 290231;PEQ7884;3550308
Cliente 290236;PEQ7886;4119905
Cliente 290248;PEQ7888;4100400
Cliente 290256;PEQ7893;3519071
Cliente 290257;PEQ7894;5002704
Cliente 290279;PEQ7898;4102406
Cliente 290280;PEQ7899;3511003
Cliente 290281;PEQ7900;3501608
Cliente 290285;PEQ7902;4112801
Cliente 290288;PEQ7904;3543402
Cliente 290290;PEQ7905;3545803
Cliente 290291;PEQ7906;3507605
Cliente 290295;PEQ7908;3549805
Cliente 290300;PEQ7910;4112801
Cliente 290314;PEQ7916;4121000
Cliente 290315;PEQ7917;4111803
Cliente 290322;PEQ7919;3507605
Cliente 290350;PEQ7920;3537305
Cliente 290353;PEQ7923;3501608
Cliente 290358;PEQ7924;4125506
Cliente 290368;PEQ7927;4112801
Cliente 290371;PEQ7928;4112801
Cliente 290375;PEQ7929;3536109
Cliente 290386;PEQ7930;3506508
Cliente 290389;PEQ7931;4106902
Cliente 290398;PEQ7932;3550308
Cliente 290403;PEQ7934;3519071
Cliente 290405;PEQ7936;3547809
Cliente 290438;PEQ7945;4100400
Cliente 290442;PEQ7948;4107504
Cliente 290443;PEQ7949;4107504
Cliente 290456;PEQ7954;4104808
Cliente 290459;PEQ7955;4107504
Cliente 290460;PEQ7956;4115200
Cliente 290468;PEQ7958;3538709
Cliente 290479;PEQ7960;3529005
Cliente 290493;PEQ7964;3550308
Cliente 290503;PEQ7968;3521606
Cliente 290509;PEQ7969;3507605
Cliente 290510;PEQ7970;3550308
Cliente 290545;PEQ7980;3541406
Cliente 290567;PEQ7988;3525706
Cliente 290568;PEQ7989;3502804
Cliente 290581;PEQ7996;4105508
Cliente 290601;PEQ7999;4125506
Cliente 290606;PEQ8001;3534708
Cliente 290607;PEQ8002;3502804
Cliente 290624;PEQ8005;3549805
Cliente 290641;PEQ8006;3506508
Cliente 290643;PEQ8008;3557105
Cliente 290655;PEQ8009;3506508
Cliente 290686;PEQ8012;4124103
Cliente 290690;PEQ8013;3506508
Cliente 290713;PEQ8015;3557105
Cliente 290716;PEQ8017;3506508
Cliente 290717;PEQ8018;3506508
Cliente 290722;PEQ8019;3550308
Cliente 290726;PEQ8020;3549805
Cliente 290734;PEQ8023;3546405
Cliente 290739;PEQ8025;3503208
Cliente 290767;PEQ8029;3506508
Cliente 290770;PEQ8030;3541406
Cliente 290789;PEQ8032;3506508
Cliente 290793;PEQ8034;3541406
Cliente 290808;PEQ8036;3550308
Cliente 290813;PEQ8038;3511003
Cliente 290815;PEQ8039;3506508
Cliente 290818;PEQ8040;4118204
Cliente 290819;PEQ8041;4106902
Cliente 290820;PEQ8042;3549805
Cliente 290823;PEQ8043;3550308
Cliente 290841;PEQ8049;4114807
Cliente 290842;PEQ8050;3506508
Cliente 290852;PEQ8054;4107504
Cliente 290856;PEQ8055;3539202
Cliente 290859;PEQ8056;4114807
Cliente 290868;PEQ8057;4107504
Cliente 290871;PEQ8058;3550308
Cliente 290875;PEQ8061;3538709
Cliente 290887;PEQ8063;4125506
Cliente 290906;PEQ8065;3506508
Cliente 290913;PEQ8068;3534708
Cliente 290928;PEQ8071;4104808
Cliente 290959;PEQ8075;3502804
Cliente 290967;PEQ8076;3537305
Cliente 290968;PEQ8077;4102406
Cliente 290985;PEQ8079;4123907
Cliente 290989;PEQ8080;3506508
Cliente 290992;PEQ8081;4118204
Cliente 290993;PEQ8082;4101507
Cliente 290994;PEQ8083;4126256
Cliente 290998;PEQ8084;4128104
Cliente 291000;PEQ8085;4101507
Cliente 291011;PEQ8086;4117503
Cliente 291014;PEQ8087;3550308
Cliente 291028;PEQ8090;3546405
Cliente 291037;PEQ8091;3551603
Cliente 291041;PEQ8093;4111803
Cliente 291050;PEQ8094;3530300
Cliente 291052;PEQ8095;3530300
Cliente 291063;PEQ8097;3554102
Cliente 291064;PEQ8098;3529005
Cliente 291069;PEQ8100;3525706
Cliente 291079;PEQ8103;3523107
Cliente 291089;PEQ8108;3550308
Cliente 291097;PEQ8109;4122404
Cliente 291109;PEQ8110;4104808
Cliente 291112;PEQ8111;3502804
Cliente 291115;PEQ8112;4105508
Cliente 291118;PEQ8113;3543402
Cliente 291129;PEQ8115;3530300
Cliente 291130;PEQ8116;3510401
Cliente 291134;PEQ8118;3537305
Cliente 291135;PEQ8119;3536109
Cliente 291160;PEQ8124;3541406
Cliente 291162;PEQ8125;3517802
Cliente 291168;PEQ8127;3541406
Cliente 291193;PEQ8136;3529005
Cliente 291195;PEQ8138;4112801
Cliente 291207;PEQ8146;3520509
Cliente 291208;PEQ8147;4100400
Cliente 291227;PEQ8150;3524808
Cliente 291228;PEQ8151;3530300
Cliente 291286;PEQ8187;4106902
Cliente 291296;PEQ8192;4106902
Cliente 291303;PEQ8193;4115200
Cliente 291313;PEQ8194;3544608
Cliente 291318;PEQ8196;4115200
Cliente 291342;PEQ8201;3541406
Cliente 291355;PEQ8203;3525706
Cliente 291361;PEQ8205;3549805
Cliente 291368;PEQ8206;4119905
Cliente 291370;PEQ8207;4106902
Cliente 291373;PEQ8208;3500105
Cliente 291381;PEQ8209;4112801
Cliente 291387;PEQ8210;3555000
Cliente 291388;PEQ8211;3517802
Cliente 291389;PEQ8212;4124103
Cliente 291412;PEQ8215;3502804
Cliente 291418;PEQ8217;3517802
Cliente 291421;PEQ8219;3541406
Cliente 291440;PEQ8225;3518800
Cliente 291462;PEQ8229;4121000
Cliente 291468;PEQ8232;3550308
Cliente 291473;PEQ8234;4128104
Cliente 291480;PEQ8237;4106902
Cliente 291489;PEQ8238;4104808
Cliente 291496;PEQ8239;4104808
Cliente 291498;PEQ8240;4117503
Cliente 291500;PEQ8241;4127106
Cliente 291501;PEQ8242;3537305
Cliente 291516;PEQ8250;4123907
Cliente 291521;PEQ8251;4118204
Cliente 291522;PEQ8252;4101507
Cliente 291525;PEQ8253;4103701
Cliente 291541;PEQ8254;3525706
Cliente 291542;PEQ8255;3527108
Cliente 291553;PEQ8257;3507605
Cliente 291579;PEQ8263;4104808
Cliente 291588;PEQ8268;3525706
Cliente 291601;PEQ8271;3501608
Cliente 291632;PEQ8281;4104808
Cliente 291650;PEQ8284;3515509
Cliente 291656;PEQ8287;4104808
Cliente 291671;PEQ8291;3537305
Cliente 291672;PEQ8292;3549805
Cliente 291691;PEQ8293;4216602
Cliente 291733;PEQ8299;4106902
Cliente 291734;PEQ8300;3552205
Cliente 291749;PEQ8304;3505500
Cliente 291752;PEQ8306;3518800
Cliente 291762;PEQ8307;3502804
Cliente 291771;PEQ8310;3144607
Cliente 291803;PEQ8316;4115200
Cliente 291810;PEQ8317;4115200
Cliente 291814;PEQ8318;4111803
Cliente 291817;PEQ8320;3517802
Cliente 291844;PEQ8321;3550308
Cliente 291861;PEQ8324;3522505
Cliente 291868;PEQ8327;3534708
Cliente 291876;PEQ8328;3517802
Cliente 291882;PEQ8329;3519071
Cliente 291884;PEQ8330;3515509
Cliente 291893;PEQ8331;3550308
Cliente 291895;PEQ8333;3503208
Cliente 291899;PEQ8334;3506508
Cliente 291903;PEQ8336;3502804
Cliente 291909;PEQ8337;4103701
Cliente 291912;PEQ8338;3502804
Cliente 291920;PEQ8340;4110706
Cliente 291929;PEQ8341;3501608
Cliente 291931;PEQ8343;3523107
Cliente 291937;PEQ8344;3549805
Cliente 291980;PEQ8349;5103403
Cliente 291981;PEQ8350;4125506
Cliente 292024;PEQ8352;4118204
Cliente 292050;PEQ8354;4124103
Cliente 292065;PEQ8357;3524808
Cliente 292079;PEQ8363;4112801
Cliente 292081;PEQ8364;4108304
Cliente 292085;PEQ8365;4127106
Cliente 292088;PEQ8366;4127106
Cliente 292089;PEQ8367;4121000
Cliente 292090;PEQ8368;4121000
Cliente 292112;PEQ8369;4123907
Cliente 292116;PEQ8371;3515509
Cliente 292123;PEQ8372;3515509
Cliente 292124;PEQ8373;3501608
Cliente 292132;PEQ8376;4103701
Cliente 292144;PEQ8377;3517802
Cliente 292146;PEQ8379;3502804
Cliente 292172;PEQ8380;3534708
Cliente 292174;PEQ8381;4104808
Cliente 292194;PEQ8386;4108304
Cliente 292206;PEQ8387;4102406
Cliente 292234;PEQ8389;4100400
Cliente 292240;PEQ8391;3530300
Cliente 292253;PEQ8392;4112801
Cliente 292276;PEQ8394;3520509
Cliente 292280;PEQ8395;3502804
Cliente 292282;PEQ8396;3504008
Cliente 292289;PEQ8397;3545803
Cliente 292293;PEQ8400;4126256
Cliente 292299;PEQ8401;4117503
Cliente 292303;PEQ8403;4111803
Cliente 292304;PEQ8404;4102406
Cliente 292310;PEQ8405;5008305
Cliente 292311;PEQ8406;4102406
Cliente 292330;PEQ8412;3530300
Cliente 292344;PEQ8414;3545803
Cliente 292346;PEQ8415;3523107
Cliente 292353;PEQ8418;3542404
Cliente 292354;PEQ8419;3542404
Cliente 292368;PEQ8422;3542404
Cliente 292381;PEQ8425;4106902
Cliente 292382;PEQ8426;4128104
Cliente 292389;PEQ8428;3527108
Cliente 292400;PEQ8431;4107504
Cliente 292402;PEQ8432;4120705
Cliente 292404;PEQ8433;4100400
Cliente 292405;PEQ8434;4119905
Cliente 292413;PEQ8437;4104808
Cliente 292415;PEQ8438;3506508
Cliente 292418;PEQ8439;3541406
Cliente 292419;PEQ8440;3529005
Cliente 292428;PEQ8442;4104808
Cliente 292429;PEQ8443;4109708
Cliente 292431;PEQ8445;3519071
Cliente 292432;PEQ8446;3533403
Cliente 292437;PEQ8447;3534708
Cliente 292440;PEQ8448;4108304
Cliente 292441;PEQ8449;3529005
Cliente 292454;PEQ8454;3539202
Cliente 292461;PEQ8457;3529005
Cliente 292464;PEQ8458;3518800
Cliente 292487;PEQ8459;4104808
Cliente 292503;PEQ8462;4113700
Cliente 292504;PEQ8463;3515509
Cliente 292531;PEQ8464;3506508
Cliente 292534;PEQ8465;4101507
Cliente 292535;PEQ8466;3528106
Cliente 292542;PEQ8468;4112801
Cliente 292571;PEQ8470;3549805
Cliente 292576;PEQ8471;3530300
Cliente 292578;PEQ8472;3530300
Cliente 292579;PEQ8473;3550308
Cliente 292581;PEQ8474;3552205
Cliente 292582;PEQ8475;3530300
Cliente 292586;PEQ8476;3510401
Cliente 292587;PEQ8477;3515509
Cliente 292589;PEQ8478;3515509
Cliente 292642;PEQ8481;4108304
Cliente 292654;PEQ8483;3552205
Cliente 292655;PEQ8484;3507605
Cliente 292656;PEQ8485;4108304
Cliente 292658;PEQ8486;4104808
Cliente 292659;PEQ8487;3531407
Cliente 292664;PEQ8488;3515509
Cliente 292666;PEQ8489;3502804
Cliente 292669;PEQ8490;4127106
Cliente 292715;PEQ8495;4112801
Cliente 292718;PEQ8496;3550308
Cliente 292719;PEQ8497;3550308
Cliente 292720;PEQ8498;3526902
Cliente 292722;PEQ8499;4116901
Cliente 292739;PEQ8504;4104808
Cliente 292740;PEQ8505;4106902
Cliente 292751;PEQ8508;3530300
Cliente 292756;PEQ8509;4101507
Cliente 292759;PEQ8511;4112801
Cliente 292764;PEQ8512;3520509
Cliente 292775;PEQ8515;3507605
Cliente 292786;PEQ8517;4101507
Cliente 292820;PEQ8523;4105508
Cliente 292823;PEQ8524;4101507
Cliente 292830;PEQ8525;3545803
Cliente 292834;PEQ8526;4119905
Cliente 292837;PEQ8527;4118204
Cliente 292841;PEQ8528;3530300
Cliente 292842;PEQ8529;3549805
Cliente 292857;PEQ8538;4107504
Cliente 292861;PEQ8539;3549805
Cliente 292863;PEQ8541;3536109
Cliente 292864;PEQ8542;3538709
Cliente 292865;PEQ8543;3556206
Cliente 292869;PEQ8544;3556206
Cliente 292874;PEQ8545;4108304
Cliente 292881;PEQ8547;3519071
Cliente 292882;PEQ8548;3501608
Cliente 292883;PEQ8549;3506508
Cliente 292884;PEQ8550;3506508
Cliente 292885;PEQ8551;3551603
Cliente 292886;PEQ8552;3500105
Cliente 292888;PEQ8553;3500105
Cliente 292895;PEQ8555;3507605
Cliente 292896;PEQ8556;3536109
Cliente 292898;PEQ8557;3531407
Cliente 292900;PEQ8558;4102406
Cliente 292910;PEQ8560;3511003
Cliente 292925;PEQ8562;4124103
Cliente 292926;PEQ8563;3541406
Cliente 292949;PEQ8566;3550308
Cliente 292957;PEQ8569;4101507
Cliente 292959;PEQ8570;4101507
Cliente 292973;PEQ8572;4102406
Cliente 292974;PEQ8573;4106902
Cliente 292979;PEQ8575;4101507
Cliente 293014;PEQ8576;3530300
Cliente 293023;PEQ8578;3512407
Cliente 293033;PEQ8581;3550308
Cliente 293034;PEQ8582;3521606
Cliente 293050;PEQ8583;3552205
Cliente 293056;PEQ8585;4123907
Cliente 293057;PEQ8586;4123907
Cliente 293062;PEQ8587;4128104
Cliente 293063;PEQ8588;4128104
Cliente 293095;PEQ8591;4106902
Cliente 293097;PEQ8592;4104808
Cliente 293099;PEQ8593;3509502
Cliente 293113;PEQ8594;3556206
Cliente 293122;PEQ8595;3529005
Cliente 293123;PEQ8596;4120705
Cliente 293125;PEQ8597;4125506
Cliente 293127;PEQ8598;3538709
Cliente 293128;PEQ8599;3538709
Cliente 293132;PEQ8600;3527108
Cliente 293135;PEQ8601;3550308
Cliente 293138;PEQ8603;4108304
Cliente 293139;PEQ8604;3551603
Cliente 293147;PEQ8605;4112801
Cliente 293149;PEQ8606;4109708
Cliente 293150;PEQ8607;4112801
Cliente 293156;PEQ8608;3550308
Cliente 293157;PEQ8609;3550308
Cliente 293160;PEQ8610;3513009
Cliente 293161;PEQ8611;3506508
Cliente 293162;PEQ8612;3506508
Cliente 293165;PEQ8614;3526902
Cliente 293166;PEQ8615;3550308
Cliente 293168;PEQ8616;4121000
Cliente 293169;PEQ8617;4118204
Cliente 293170;PEQ8618;3532603
Cliente 293174;PEQ8619;3518800
Cliente 293175;PEQ8620;3541406
Cliente 293188;PEQ8621;4109708
Cliente 293192;PEQ8622;3529005
Cliente 293193;PEQ8623;4105508
Cliente 293195;PEQ8624;3523107
Cliente 293196;PEQ8625;3523107
Cliente 293213;PEQ8628;4103701
Cliente 293231;PEQ8632;3523107
Cliente 293233;PEQ8634;3518800
Cliente 293237;PEQ8635;3523107
Cliente 293248;PEQ8637;4101507
Cliente 293249;PEQ8638;3552205
Cliente 293263;PEQ8642;3538709
Cliente 293268;PEQ8643;3519071
Cliente 293269;PEQ8644;4128104
Cliente 293272;PEQ8646;3548708
Cliente 293274;PEQ8647;4117503
Cliente 293277;PEQ8649;3506508
Cliente 293283;PEQ8651;3548708
Cliente 293289;PEQ8653;4126256
Cliente 293290;PEQ8654;4107504
Cliente 293317;PEQ8657;3541406
Cliente 293318;PEQ8658;3549805
Cliente 293325;PEQ8660;3550308
Cliente 293331;PEQ8662;3530300
Cliente 293347;PEQ8663;4119905
Cliente 293357;PEQ8665;3515509
Cliente 293370;PEQ8668;4115200
Cliente 293375;PEQ8669;3518800
Cliente 293391;PEQ8670;3550308
Cliente 293402;PEQ8671;3538709
Cliente 293437;PEQ8675;3538709
Cliente 293444;PEQ8681;3523107
Cliente 293446;PEQ8683;3517802
Cliente 293450;PEQ8684;4123907
Cliente 293453;PEQ8685;3538709
Cliente 293469;PEQ8687;3549805
Cliente 293470;PEQ8688;4106902
Cliente 293477;PEQ8690;4113700
Cliente 293480;PEQ8691;4113700
Cliente 293492;PEQ8696;3513009
Cliente 293493;PEQ8697;3534708
Cliente 293494;PEQ8698;3510401
Cliente 293497;PEQ8700;1302603
Cliente 293501;PEQ8702;4106902
Cliente 293505;PEQ8703;3550308
Cliente 293514;PEQ8709;3513009
Cliente 293520;PEQ8712;4104808
Cliente 293521;PEQ8713;4119905
Cliente 293538;PEQ8714;3551603
Cliente 293555;PEQ8715;4106902
Cliente 293558;PEQ8717;3550308
Cliente 293559;PEQ8718;3550308
Cliente 293563;PEQ8720;3510401
Cliente 293578;PEQ8726;3515509
Cliente 293583;PEQ8727;3545803
Cliente 293585;PEQ8728;3549805
Cliente 293604;PEQ8731;3511003
Cliente 293615;PEQ8732;3511003
Cliente 293626;PEQ8734;3538709
Cliente 293633;PEQ8737;3515509
Cliente 293637;PEQ8740;4118204
Cliente 293644;PEQ8743;4104808
Cliente 293649;PEQ8745;4106902
Cliente 293657;PEQ8746;3526902
Cliente 293659;PEQ8747;3537305
Cliente 293670;PEQ8756;3550308
Cliente 293673;PEQ8757;3550308
Cliente 293679;PEQ8758;4116901
Cliente 293684;PEQ8760;3506508
Cliente 293699;PEQ8762;3518800
Cliente 293703;PEQ8763;3523107
Cliente 293712;PEQ8766;3500105
Cliente 293723;PEQ8769;3527108
Cliente 293726;PEQ8771;3544608
Cliente 293727;PEQ8772;3544608
Cliente 293728;PEQ8773;3536109
Cliente 293733;PEQ8774;3544608
Cliente 293745;PEQ8776;3520509
Cliente 293747;PEQ8778;3531407
Cliente 293748;PEQ8779;3518800
Cliente 293749;PEQ8780;4118204
Cliente 293761;PEQ8782;4127106
Cliente 293767;PEQ8783;3534708
Cliente 293768;PEQ8784;3526902
Cliente 293769;PEQ8785;3546405
Cliente 293770;PEQ8786;3546405
Cliente 293788;PEQ8787;4113700
Cliente 293791;PEQ8788;3546405
Cliente 293792;PEQ8789;3512407
Cliente 293793;PEQ8790;3506508
Cliente 293813;PEQ8792;4119905
Cliente 293819;PEQ8793;3557105
Cliente 293823;PEQ8795;3525706
Cliente 293824;PEQ8796;3525706
Cliente 293828;PEQ8797;3517802
Cliente 293830;PEQ8798;4106902
Cliente 293831;PEQ8799;3536109
Cliente 293845;PEQ8800;3552205
Cliente 293869;PEQ8808;3541406
Cliente 293873;PEQ8809;3506508
Cliente 293875;PEQ8810;4127106
Cliente 293876;PEQ8811;3500105
Cliente 293878;PEQ8812;4106902
Cliente 293889;PEQ8818;4109708
Cliente 293899;PEQ8820;4108304
Cliente 293901;PEQ8821;4108304
Cliente 293926;PEQ8823;3536109
Cliente 293927;PEQ8824;3502804
Cliente 293968;PEQ8830;4104808
Cliente 293970;PEQ8831;3545803
Cliente 293971;PEQ8832;3543402
Cliente 293972;PEQ8833;3550308
Cliente 293980;PEQ8834;3534708
Cliente 293991;PEQ8836;3303302
Cliente 294000;PEQ8837;4109708
Cliente 294053;PEQ8838;3549805
Cliente 294058;PEQ8839;3541406
Cliente 294062;PEQ8842;3550308
Cliente 294075;PEQ8847;3510401
Cliente 294076;PEQ8848;4111803
Cliente 294088;PEQ8849;4101507
Cliente 294100;PEQ8852;3511003
Cliente 294117;PEQ8857;3556206
Cliente 294128;PEQ8862;3511003
Cliente 294139;PEQ8865;3550308
Cliente 294140;PEQ8866;3521606
Cliente 294144;PEQ8867;4111803
Cliente 294152;PEQ8869;3511003
Cliente 294163;PEQ8872;3553401
Cliente 294166;PEQ8873;3533403
Cliente 294168;PEQ8874;4128104
Cliente 294170;PEQ8875;3511003
Cliente 294171;PEQ8876;3528106
Cliente 294173;PEQ8877;3506508
Cliente 294176;PEQ8878;3508108
Cliente 294183;PEQ8879;4105508
Cliente 294184;PEQ8880;3550308
Cliente 294187;PEQ8882;4124103
Cliente 294189;PEQ8883;4109708
Cliente 294199;PEQ8888;3522505
Cliente 294204;PEQ8889;3554102
Cliente 294206;PEQ8891;4100400
Cliente 294207;PEQ8892;3550308
Cliente 294210;PEQ8893;4112801
Cliente 294212;PEQ8894;3550308
Cliente 294215;PEQ8895;3550308
Cliente 294216;PEQ8896;3550308
Cliente 294220;PEQ8897;3510401
Cliente 294233;PEQ8898;3545803
Cliente 294237;PEQ8900;3556206
Cliente 294243;PEQ8901;3502804
Cliente 294245;PEQ8903;4100400
Cliente 294246;PEQ8904;3533403
Cliente 294253;PEQ8906;4102406
Cliente 294255;PEQ8907;4118204
Cliente 294273;PEQ8909;3109006
Cliente 294274;PEQ8910;3533403
Cliente 294278;PEQ8912;3510401
Cliente 294288;PEQ8913;3503208
Cliente 294290;PEQ8914;3538709
Cliente 294291;PEQ8915;3538709
Cliente 294292;PEQ8916;3538709
Cliente 294297;PEQ8917;3521606
Cliente 294300;PEQ8920;4106902
Cliente 294301;PEQ8921;4101507
Cliente 294302;PEQ8922;3514403
Cliente 294319;PEQ8923;3550308
Cliente 294327;PEQ8925;4118204
Cliente 294367;PEQ8928;3554102
Cliente 294374;PEQ8929;3541406
Cliente 294375;PEQ8930;3535507
Cliente 294379;PEQ8931;3550308
Cliente 294380;PEQ8932;3550308
Cliente 294387;PEQ8933;3525706
Cliente 294388;PEQ8934;3525706
Cliente 294392;PEQ8935;4116901
Cliente 294393;PEQ8936;3543402
Cliente 294394;PEQ8937;3543402
Cliente 294397;PEQ8938;4124103
Cliente 294403;PEQ8939;4118204
Cliente 294406;PEQ8940;3550308
Cliente 294410;PEQ8941;3533403
Cliente 294428;PEQ8944;4113700
Cliente 294445;PEQ8947;3522505
Cliente 294472;PEQ8955;3550308
Cliente 294485;PEQ8957;3550308
Cliente 294495;PEQ8961;3550308
Cliente 294523;PEQ8963;3506508
Cliente 294539;PEQ8965;3549805
Cliente 294542;PEQ8966;3549805
Cliente 294544;PEQ8967;3533403
Cliente 294562;PEQ8970;3556206
Cliente 294563;PEQ8971;3550308
Cliente 294581;PEQ8972;4122404
Cliente 294616;PEQ8975;3535507
Cliente 294628;PEQ8976;3507605
Cliente 294634;PEQ8977;4108304
Cliente 294652;PEQ8979;4104808
Cliente 294657;PEQ8981;5002704
Cliente 294805;PEQ8982;4113700
Cliente 294807;PEQ8983;4101507
Cliente 294812;PEQ8984;3541406
Cliente 294828;PEQ8988;3550308
Cliente 294840;PEQ8989;4115200
Cliente 294849;PEQ8991;4101507
Cliente 294852;PEQ8992;3525706
Cliente 294860;PEQ8994;3530300
Cliente 294862;PEQ8996;3529005
Cliente 294907;PEQ8999;4108304
Cliente 294909;PEQ9000;3513009
Cliente 294910;PEQ9001;3555000
Cliente 294930;PEQ9004;3529005
Cliente 294940;PEQ9006;3506508
Cliente 294955;PEQ9008;3511003
Cliente 294958;PEQ9009;3304557
Cliente 294972;PEQ9010;3545803
Cliente 295013;PEQ9013;4111803
Cliente 295060;PEQ9015;3550308
Cliente 295069;PEQ9016;4118204
Cliente 295071;PEQ9018;3534708
Cliente 295074;PEQ9020;3546405
Cliente 295075;PEQ9021;3550308
Cliente 295076;PEQ9022;3106200
Cliente 295077;PEQ9023;3527108
Cliente 295093;PEQ9024;4100400
Cliente 295094;PEQ9025;3554102
Cliente 295096;PEQ9026;4125506
Cliente 295097;PEQ9027;4106902
Cliente 295130;PEQ9039;3511003
Cliente 295158;PEQ9043;4105508
Cliente 295172;PEQ9045;3550308
Cliente 295176;PEQ9047;3545803
Cliente 295189;PEQ9050;4101507
Cliente 295190;PEQ9051;4107504
Cliente 295204;PEQ9052;3550308
Cliente 295205;PEQ9053;3547809
Cliente 295208;PEQ9055;4110706
Cliente 295216;PEQ9061;3539202
Cliente 295226;PEQ9063;4112801
Cliente 295232;PEQ9065;3549805
Cliente 295272;PEQ9070;3553401
Cliente 295274;PEQ9071;3502804
Cliente 295277;PEQ9072;3205200
Cliente 295278;PEQ9073;3526902
Cliente 295303;PEQ9075;3501608
Cliente 295328;PEQ9080;3523107
Cliente 295329;PEQ9081;3556206
Cliente 295331;PEQ9083;3550308
Cliente 295344;PEQ9084;3535507
Cliente 295347;PEQ9085;4104808
Cliente 295366;PEQ9089;3539202
Cliente 295367;PEQ9090;3540804
Cliente 295369;PEQ9092;3526902
Cliente 295371;PEQ9093;3533403
Cliente 295372;PEQ9094;3531407
Cliente 295375;PEQ9096;3533403
Cliente 295376;PEQ9097;3531407
Cliente 295380;PEQ9098;3506508
Cliente 295402;PEQ9099;4108304
Cliente 295404;PEQ9100;3521606
Cliente 295407;PEQ9101;3550308
Cliente 295408;PEQ9102;3548708
Cliente 295409;PEQ9103;3519071
Cliente 295412;PEQ9104;3530300
Cliente 295413;PEQ9105;3530300
Cliente 295414;PEQ9106;3522505
Cliente 295416;PEQ9107;3536109
Cliente 295432;PEQ9110;3550308
Cliente 295433;PEQ9111;3507605
Cliente 295434;PEQ9112;3530300
Cliente 295435;PEQ9113;3537305
Cliente 295437;PEQ9114;3505500
Cliente 295438;PEQ9115;3552205
Cliente 295442;PEQ9117;4101507
Cliente 295443;PEQ9118;3509502
Cliente 295444;PEQ9119;3550308
Cliente 295502;PEQ9121;3526902
Cliente 295520;PEQ9122;3547809
Cliente 295525;PEQ9123;3511003
Cliente 295533;PEQ9124;3544608
Cliente 295542;PEQ9127;3511003
Cliente 295581;PEQ9131;4100400
Cliente 295582;PEQ9132;4127106
Cliente 295636;PEQ9137;3539202
Cliente 295643;PEQ9138;3532603
Cliente 295653;PEQ9140;3539202
Cliente 295662;PEQ9142;4123907
Cliente 295673;PEQ9143;3550308
Cliente 295685;PEQ9148;3555000
Cliente 295737;PEQ9155;4105508
Cliente 295739;PEQ9156;3555000
Cliente 295743;PEQ9158;4125506
Cliente 295754;PEQ9160;4113700
Cliente 295755;PEQ9161;4111803
Cliente 295763;PEQ9163;3508108
Cliente 295768;PEQ9165;3520509
Cliente 295769;PEQ9166;4104808
Cliente 295772;PEQ9168;3514403
Cliente 295777;PEQ9169;3516705
Cliente 295779;PEQ9170;3506508
Cliente 295780;PEQ9171;3515509
Cliente 295781;PEQ9172;3542404
Cliente 295782;PEQ9173;3542404
Cliente 295783;PEQ9174;4108304
Cliente 295796;PEQ9175;4106902
Cliente 295800;PEQ9176;3525706
Cliente 295801;PEQ9177;4112801
Cliente 295802;PEQ9178;3508108
Cliente 295815;PEQ9180;3518800
Cliente 295816;PEQ9181;3518800
Cliente 295831;PEQ9183;3549805
Cliente 295839;PEQ9184;3522505
Cliente 295842;PEQ9186;3542404
Cliente 295843;PEQ9187;3523107
Cliente 295850;PEQ9189;3529005
Cliente 295869;PEQ9196;4106902
Cliente 295870;PEQ9197;3508108
Cliente 295872;PEQ9198;4106902
Cliente 295894;PEQ9200;4108304
Cliente 295896;PEQ9201;4106902
Cliente 295901;PEQ9202;3529005
Cliente 295908;PEQ9203;4104808
Cliente 295916;PEQ9205;3507605
Cliente 295930;PEQ9206;3545803
Cliente 295938;PEQ9210;3514403
Cliente 295944;PEQ9212;3543402
Cliente 295946;PEQ9213;4100400
Cliente 295952;PEQ9215;4106902
Cliente 295956;PEQ9216;3535507
Cliente 295960;PEQ9217;3550308
Cliente 295962;PEQ9218;3550308
Cliente 295965;PEQ9219;4100400
Cliente 295976;PEQ9224;3506508
Cliente 295981;PEQ9226;3511003
Cliente 295982;PEQ9227;3514403
Cliente 296014;PEQ9231;3514403
Cliente 296017;PEQ9232;3511003
Cliente 296041;PEQ9234;4122404
Cliente 296042;PEQ9235;4122404
Cliente 296045;PEQ9236;3550308
Cliente 296046;PEQ9237;3534708
Cliente 296052;PEQ9239;3516705
Cliente 296053;PEQ9240;3538709
Cliente 296057;PEQ9242;3509502
Cliente 296058;PEQ9243;3542404
Cliente 296070;PEQ9245;3548708
Cliente 296078;PEQ9247;4100400
Cliente 296079;PEQ9248;4100400
Cliente 296082;PEQ9249;4111803
Cliente 296089;PEQ9250;4111803
Cliente 296090;PEQ9251;4111803
Cliente 296091;PEQ9252;4122404
Cliente 296103;PEQ9254;3518800
Cliente 296104;PEQ9255;3518800
Cliente 296105;PEQ9256;3551603
Cliente 296107;PEQ9257;3541406
Cliente 296108;PEQ9258;4101507
Cliente 296109;PEQ9259;3551603
Cliente 296111;PEQ9260;3532603
Cliente 296113;PEQ9261;3509502
Cliente 296123;PEQ9262;3550308
Cliente 296145;PEQ9265;3523107
Cliente 296148;PEQ9266;4101507
Cliente 296151;PEQ9267;4114807
Cliente 296153;PEQ9268;3517802
Cliente 296155;PEQ9269;4104808
Cliente 296165;PEQ9270;3546405
Cliente 296176;PEQ9274;3556206
Cliente 296182;PEQ9275;4100400
Cliente 296187;PEQ9277;4209102
Cliente 296188;PEQ9278;4127106
Cliente 296189;PEQ9279;4111803
Cliente 296191;PEQ9281;3504008
Cliente 296194;PEQ9284;4106902
Cliente 296195;PEQ9285;4122404
Cliente 296196;PEQ9286;3550308
Cliente 296197;PEQ9287;3522505
Cliente 296198;PEQ9288;3541406
Cliente 296200;PEQ9290;3550308
Cliente 296201;PEQ9291;4106902
Cliente 296203;PEQ9292;3549805
Cliente 296209;PEQ9295;4126256
Cliente 296212;PEQ9296;4106902
Cliente 296214;PEQ9297;4106902
Cliente 296215;PEQ9298;4106902
Cliente 296220;PEQ9299;3506508
Cliente 296223;PEQ9300;3517802
Cliente 296226;PEQ9301;3511003
Cliente 296228;PEQ9302;4106902
Cliente 296241;PEQ9303;3528106
Cliente 296244;PEQ9305;4128104
Cliente 296246;PEQ9306;3509502
Cliente 296252;PEQ9308;3554102
Cliente 296254;PEQ9309;4118204
Cliente 296266;PEQ9313;3535507
Cliente 296268;PEQ9314;4111803
Cliente 296288;PEQ9317;3534708
Cliente 296290;PEQ9318;3304557
Cliente 296294;PEQ9320;3550308
Cliente 296297;PEQ9322;3551603
Cliente 296311;PEQ9327;3525706
Cliente 296321;PEQ9330;4126256
Cliente 296323;PEQ9331;3550308
Cliente 296324;PEQ9332;3523107
Cliente 296325;PEQ9333;3514403
Cliente 296326;PEQ9334;3503208
Cliente 296327;PEQ9335;3520509
Cliente 296328;PEQ9336;3516705
Cliente 296334;PEQ9337;3509502
Cliente 296337;PEQ9338;3505500
Cliente 296340;PEQ9340;4104808
Cliente 296345;PEQ9341;3509502
Cliente 296351;PEQ9344;3513009
Cliente 296354;PEQ9345;3556206
Cliente 296362;PEQ9346;3517802
Cliente 296381;PEQ9348;4111803
Cliente 296386;PEQ9350;4106902
Cliente 296392;PEQ9351;3529005
Cliente 296398;PEQ9352;3550308
Cliente 296401;PEQ9353;3527108
Cliente 296410;PEQ9354;4119905
Cliente 296414;PEQ9355;4106902
Cliente 296418;PEQ9356;4106902
Cliente 296438;PEQ9359;3513009
Cliente 296442;PEQ9360;3531407
Cliente 296446;PEQ9362;4104808
Cliente 296450;PEQ9365;4121000
Cliente 296451;PEQ9366;4106902
Cliente 296474;PEQ9368;4119905
Cliente 296479;PEQ9370;3513009
Cliente 296483;PEQ9372;4124103
Cliente 296491;PEQ9374;3534708
Cliente 296525;PEQ9380;4105508
Cliente 296537;PEQ9383;3538709
Cliente 296538;PEQ9384;3539202
Cliente 296541;PEQ9385;4118204
Cliente 296545;PEQ9388;3506508
Cliente 296562;PEQ9393;3506508
Cliente 296569;PEQ9394;3534708
Cliente 296572;PEQ9395;4107504
Cliente 296573;PEQ9396;4106902
Cliente 296576;PEQ9398;3504008
Cliente 296577;PEQ9399;4104808
Cliente 296586;PEQ9400;3540804
Cliente 296589;PEQ9401;3527108
Cliente 296596;PEQ9404;4106902
Cliente 296616;PEQ9407;3535507
Cliente 296623;PEQ9408;4128104
Cliente 296630;PEQ9412;3503208
Cliente 296643;PEQ9417;3529005
Cliente 296651;PEQ9421;3550308
Cliente 296652;PEQ9422;3526902
Cliente 296653;PEQ9423;3507605
Cliente 296655;PEQ9424;3507605
Cliente 296664;PEQ9425;3504008
Cliente 296671;PEQ9426;4101507
Cliente 296672;PEQ9427;4104808
Cliente 296683;PEQ9428;4103701
Cliente 296689;PEQ9431;3547809
Cliente 296690;PEQ9432;3506508
Cliente 296705;PEQ9433;3550308
Cliente 296775;PEQ9445;3519071
Cliente 296776;PEQ9446;3519071
Cliente 296777;PEQ9447;3519071
Cliente 296778;PEQ9448;3519071
Cliente 296780;PEQ9449;4104808
Cliente 296792;PEQ9452;3514403
Cliente 296793;PEQ9453;3514403
Cliente 296796;PEQ9454;4111803
Cliente 296800;PEQ9455;4100400
Cliente 296801;PEQ9456;4106902
Cliente 296805;PEQ9458;3536109
Cliente 296826;PEQ9461;3526902
Cliente 296841;PEQ9465;3546405
Cliente 296869;PEQ9466;3548708
Cliente 296871;PEQ9467;3550308
Cliente 296886;PEQ9469;3508108
Cliente 296896;PEQ9470;3541406
Cliente 296897;PEQ9471;3511003
Cliente 296920;PEQ9472;3522505
Cliente 296930;PEQ9474;4115200
Cliente 296932;PEQ9475;3511003
Cliente 296950;PEQ9476;4125506
Cliente 296956;PEQ9478;4104808
Cliente 296959;PEQ9479;3527108
Cliente 296962;PEQ9480;4102406
Cliente 296968;PEQ9482;3507605
Cliente 296972;PEQ9483;4106902
Cliente 296976;PEQ9484;4108304
Cliente 296991;PEQ9485;4104808
Cliente 296992;PEQ9486;3517802
Cliente 297009;PEQ9487;3533403
Cliente 297016;PEQ9488;3517802
Cliente 297018;PEQ9489;3530300
Cliente 297029;PEQ9491;3515509
Cliente 297040;PEQ9492;4119905
Cliente 297041;PEQ9493;4122404
Cliente 297042;PEQ9494;4106902
Cliente 297043;PEQ9495;4103701
Cliente 297111;PEQ9496;3550308
Cliente 297122;PEQ9497;4106902
Cliente 297126;PEQ9498;3512407
Cliente 297128;PEQ9499;3515509
Cliente 297135;PEQ9500;3539202
Cliente 297137;PEQ9501;3536109
Cliente 297139;PEQ9502;4106902
Cliente 297142;PEQ9503;3542404
Cliente 297149;PEQ9504;4104808